"Time [ms]","Current(PhaseA) [A]","Current(PhaseB) [A]","Current(PhaseC) [A]"
0,0,0,0
0.1,7.21495437678214e-07,0.660160552668271,-0.660161274163709
0.2,-6.33421182737666e-06,1.32238339518042,-1.32237706096859
0.3,-1.33899190924315e-05,1.98460623769257,-1.98459284777348
0.4,-2.04456263574864e-05,2.64682908020472,-2.64680863457836
0.5,-2.75013336225413e-05,3.30905192271686,-3.30902442138324
0.6,0.838653547617214,4.45242992281344,-5.29108347043065
0.7,1.52464595051394,5.77055696914544,-7.29520291965938
0.8,1.5629327606995,6.82395392063781,-8.38688668133731
0.9,0.574243027397072,7.88972787530809,-8.46397090270515
1,-0.928996975289576,9.79227224413159,-8.86327526884203
1.1,-2.01564919848506,12.3303373119055,-10.3146881134204
1.2,-3.03267744353495,14.4742778671825,-11.4416004236476
1.3,-4.74263310368776,16.0061761024636,-11.2635429987758
1.4,-7.20207125750303,17.2155238193975,-10.0134525618945
1.5,-9.73413620553994,18.6788112662092,-8.94467506066924
1.6,-11.6636817634742,20.650634052997,-8.98695228952275
1.7,-13.2029894203202,23.2117720313085,-10.0087826109884
1.8,-14.9349138975127,24.8379648202783,-9.90305092276561
1.9,-17.3623393031306,25.4875031425439,-8.12516383941334
2,-20.3013778977486,26.2427140188553,-5.94133612110677
2.1,-22.957270719593,27.4488353665919,-4.49156464699888
2.2,-25.6769687114762,28.8653820903919,-3.18841337891576
2.3,-27.756732141306,28.9322586737,-1.17552653239401
2.4,-29.7049374204264,27.9484074337669,1.75652998665952
2.5,-31.9957689436884,25.763111346817,6.23265759687139
2.6,-34.4630893322131,24.4546498125535,10.0084395196595
2.7,-37.6105309196016,24.7534486131467,12.8570823064548
2.8,-39.036856950866,23.9503890391778,15.0864679116882
2.9,-39.176013463728,21.7325009123442,17.4435125513838
3,-38.8404974031693,17.7444027401416,21.0960946630279
3.1,-39.5809167624002,13.4730442043792,26.107872558021
3.2,-40.9037984336156,11.0433136011547,29.8604848324609
3.3,-41.1167634163315,9.13264037959487,31.9841230367366
3.4,-39.5529499567596,6.59975092381159,32.9531990329479
3.5,-36.6681469857258,2.88501994147208,33.7831270442537
3.6,-32.8266764741227,-2.84803261067718,35.6747090847998
3.7,-30.7151907842303,-7.45817092819823,38.1733617124285
3.8,-30.0869832921604,-10.0593560882818,40.1463393804422
3.9,-28.9496342197634,-11.7703936895564,40.7200279093198
4,-26.9116647165154,-13.437887795073,40.3495525115884
4.1,-22.8788476005876,-16.5641185591616,39.4429661597491
4.2,-17.0491191317175,-21.3716151530558,38.4207342847733
4.3,-12.7009723756788,-24.6126857739237,37.3136581496026
4.4,-9.90218305736993,-26.0150767847969,35.9172598421668
4.5,-7.1215686864236,-26.1666106274646,33.2881793138882
4.6,-2.79907771200719,-26.2329946126861,29.0320723246933
4.7,4.18084670900553,-28.277476694273,24.0966299852674
4.8,7.60233869958666,-30.3946733493665,22.7923346497799
4.9,8.90627424558337,-30.8775189863854,21.9712447408021
5,9.34337153721071,-29.7415739226763,20.3982023854656
5.1,9.75692352779038,-27.3309811375398,17.5740576097494
5.2,11.4031358448505,-24.6963179836569,13.2931821388065
5.3,13.9831836813232,-23.8333336612721,9.85014997994886
5.4,15.646866752021,-23.7556908111771,8.10882405915605
5.5,16.0232881115416,-22.4900693559333,6.46678124439176
5.6,15.5511105834604,-19.7559871891817,4.20487660572118
5.7,15.183860433954,-16.0061765390469,0.822316105092893
5.8,17.5462052211468,-14.7444283131404,-2.80177690800648
5.9,19.6097900854728,-14.6891644843835,-4.92062560108935
6,19.6785926967444,-13.7393991169803,-5.93919357976414
6.1,18.2157864853874,-11.4947389386394,-6.72104754674805
6.2,16.7161061539452,-8.14678603253035,-8.56932012141485
6.3,17.531000899368,-5.69550279306182,-11.8354981063062
6.4,18.5979817009636,-4.49127091752665,-14.106710783437
6.5,18.2506634429157,-3.34355480926289,-14.9071086336528
6.6,16.485966561327,-1.57186010190457,-14.9141064594224
6.7,13.6210454754019,1.41092307305227,-15.0319685484542
6.8,12.4788303005937,4.31775104704175,-16.7965813476355
6.9,13.1405156297391,6.20866653771545,-19.3491821674545
7.00000000000001,13.1274301342437,7.6011944918818,-20.7286246261255
7.10000000000001,11.9723768098968,8.89835692826768,-20.8707337381645
7.20000000000001,9.60056216257634,10.9677072178287,-20.5682693804051
7.30000000000001,6.82158995042986,14.0559847333998,-20.8775746838297
7.40000000000001,5.10394748353458,16.6580843844257,-21.7620318679603
7.50000000000001,3.26327634981594,18.2604191718081,-21.523695521624
7.60000000000001,0.658669269430006,19.4524377276448,-20.1111069970748
7.70000000000001,-3.66591666698103,20.784741461523,-17.118824794542
7.80000000000001,-7.53547341818263,22.8034614927415,-15.2679880745588
7.90000000000001,-9.28510462897872,25.083463940524,-15.7983593115452
8.00000000000001,-10.4323657832021,26.4892443191408,-16.0568785359388
8.10000000000001,-11.6657770166688,26.6404423170231,-14.9746653003543
8.20000000000001,-13.7853121885894,25.8668441281448,-12.0815319395554
8.3,-16.670614225671,25.5239001179737,-8.85328589230273
8.4,-19.2942359358899,26.3299858907093,-7.0357499548194
8.5,-21.4998964490094,27.2010870621699,-5.70119061316047
8.6,-22.6440417282462,26.2793265949824,-3.63528486673617
8.7,-23.8791763191107,24.4862020017385,-0.607025682627841
8.8,-25.8133817222816,21.7837172058651,4.02966451641652
8.9,-28.5461090159543,21.0971314150133,7.44897760094097
9,-31.0412686229199,21.1783914518824,9.86287717103747
9.1,-31.7003107192041,20.1011087012684,11.5992020179356
9.2,-30.9590127324995,17.3471986406162,13.6118140918832
9.3,-30.4458200494067,13.2298520676823,17.2159679817245
9.4,-31.6122826079226,10.0192264989949,21.5930561089277
9.5,-32.6364690705796,8.17658940225903,24.4598796683206
9.6,-32.2981193664796,6.49984651235711,25.7982728541225
9.7,-30.4225380067807,4.10168035077769,26.320857656003
9.8,-27.090839556321,-0.0383258697845141,27.1291654261055
9.9,-24.0975458032736,-4.95083930740603,29.0483851106795
9.99999999999999,-23.9398588382016,-7.7109256936557,31.6507845318574
10.1,-23.5423268824479,-9.54732972435825,33.0896566068061
10.2,-22.3796656670559,-10.9445620545925,33.3242277216484
10.3,-19.7639563854465,-13.0594585658214,32.8234149512679
10.4,-15.1615626804407,-17.0522543248877,32.2138170053285
10.5,-11.0730521066873,-20.7372128412851,31.8102649479723
10.6,-8.68105028636647,-22.7704180441491,31.4514683305156
10.7,-6.39736916716638,-23.4226540282766,29.8200231954429
10.8,-3.01066337075823,-23.7179662858097,26.7286296565678
10.9,3.1903588552642,-25.4095219389583,22.2191630836942
11,7.23545998026646,-27.7987404191243,20.5632804388578
11.1,8.89600980928087,-29.341154931833,20.4451451225521
11.2,9.68188133053043,-29.2697203666903,19.5878390361599
11.3,10.2721570766404,-27.827489087748,17.5553320111075
11.4,11.9264220038296,-25.6752852404573,13.7488632366277
11.5,14.7722718415507,-24.7811492968637,10.008877455313
11.6,17.1376120763,-25.2615550616343,8.12394298533438
11.7,18.3101438071262,-24.9521245570544,6.64198074992817
11.8,18.3825262795745,-22.9975829385332,4.61505665895877
11.9,18.5098525390624,-19.6939355438458,1.1840830047834
12,20.30593000863,-17.281243378397,-3.02468663023298
12.1,23.1870926001872,-17.3798657239105,-5.80722687627663
12.2,24.2043034240227,-16.8291706223511,-7.37513280167168
12.3,23.5385588871435,-15.0344858220952,-8.50407306504829
12.4,21.9973138901316,-11.7427028356399,-10.2546110544918
12.5,22.1910677504278,-8.26603233783181,-13.925035412596
12.6,23.5028638658044,-6.39961252471134,-17.1032513410931
12.7,23.8248095457708,-5.15803077907933,-18.6667787666914
12.8,22.5508465430778,-3.45603529042801,-19.0948112526497
12.9,19.8399073504793,-0.657558004023715,-19.1823493464556
13,17.0966538336487,3.31793942133192,-20.4145932549806
13.1,16.9933582276689,5.9367503757664,-22.9301086034353
13.2,17.1780494859736,7.69301132331571,-24.8710608092893
13.3,16.5600091438648,9.00241875357101,-25.5624278974357
13.4,14.5670786858094,10.6703637628653,-25.2374424486746
13.5,11.199031833656,13.7646885779096,-24.9637204115656
13.6,8.15230333368119,17.0411589534786,-25.1934622871598
13.7,6.34839844880878,19.254045311379,-25.6024437601878
13.8,4.15828605380136,20.3771980816101,-24.5354841354115
13.9,0.868395828345474,21.1921951682325,-22.060590996578
14,-4.51196239114326,22.9339450686476,-18.4219826775043
14.1,-7.78278779563829,25.1186671457566,-17.3358793501183
14.2,-9.30847504611214,27.1267083094455,-17.8182332633334
14.3,-10.2799910022451,27.7691812134588,-17.4891902112138
14.4,-11.403533151992,26.9375637388682,-15.5340305868762
14.5,-13.5865937863001,25.6220471849878,-12.0354533986877
14.6,-16.4101498722326,25.323725214681,-8.9135753424484
14.7,-18.951082997831,26.2490187889256,-7.29793579109463
14.8,-20.5536557173073,26.4251406547367,-5.87148493742947
14.9,-21.1971092846406,24.9064365428752,-3.70932725823461
15,-22.1828605543362,22.092703166315,0.0901573880212413
15.1,-24.1123356432883,19.6287904870594,4.48354515622893
15.2,-27.198601047399,19.8197537110833,7.37884733631575
15.3,-28.7425840578715,19.4336343913144,9.30894966655713
15.4,-28.5151844474288,17.7170054427438,10.798179004685
15.5,-27.401392396935,14.4261693823177,12.9752230146172
15.6,-27.5107469876563,10.4942540548047,17.0164929328516
15.7,-28.8812227021686,8.15141670563107,20.7298059965375
15.8,-29.4588675953446,6.71201690464478,22.7468506906998
15.9,-28.4915480981271,4.97938835142117,23.5121597467059
16,-25.7943968334167,2.03630407784116,23.7580927555755
16.1,-22.5224973068766,-2.57795619689223,25.1004535037688
16.2,-21.3464769601175,-6.0910451791463,27.4375221392638
16.3,-21.3800848138539,-8.2100127799845,29.5900975938384
16.4,-20.8023963492207,-9.67746816002343,30.4798645092441
16.5,-19.0681949022166,-11.2014309356292,30.2696258378457
16.6,-15.5680332076028,-14.1794104545663,29.7474436621691
16.7,-11.3451590103282,-18.0961609079428,29.441319918271
16.8,-8.66286591892398,-20.8053337968297,29.4681997157537
16.9,-6.66519145274496,-22.0772135744665,28.7424050272115
17,-3.86985569627065,-22.5802465648186,26.4501022610892
17.1,1.06312733756678,-23.6334638056841,22.5703364681173
17.1999999999999,6.33740404823062,-25.8656706895488,19.5282666413182
17.3,8.45237611746824,-28.0168516165315,19.5644754990632
17.3999999999999,9.58029871498932,-28.8943236708311,19.3140249558418
17.5,10.2850975886722,-28.2333313447985,17.9482337561263
17.5999999999999,11.550592257941,-26.4713100287583,14.9207177708174
17.6999999999999,14.2343143349617,-25.1121391822094,10.8778248472478
17.7999999999999,16.8969601189331,-25.4121027234905,8.51514260455734
17.8999999999999,18.7376495098143,-25.7760262681999,7.03837675838555
17.9999999999999,19.3617654529792,-24.644788061746,5.28302260876679
18.0999999999999,19.5742554513721,-22.0343300238654,2.46007457249323
18.1999999999999,20.761100895845,-18.8116851082015,-1.94941578764349
18.2999999999999,23.6310284657508,-18.268208222256,-5.36282024349476
18.3999999999999,25.7091730136403,-18.2161261556273,-7.49304685801306
18.4999999999999,25.7931092630685,-16.9737055777519,-8.81940368531655
18.5999999999999,24.6009815466409,-14.3226822773543,-10.2782992692867
18.6999999999999,23.7961662251413,-10.4249891896147,-13.3711770355265
18.7999999999999,25.0202907276194,-7.73415403258025,-17.2861366950391
18.8999999999999,25.9465041399397,-6.2787359852186,-19.6677681547211
18.9999999999999,25.5292526469558,-4.88278291383056,-20.6464697331252
19.0999999999999,23.3654497495132,-2.55360700620114,-20.8118427433121
19.1999999999999,20.1733485171792,1.32339790572586,-21.4967464229051
19.2999999999999,18.4740614824533,5.02201013295188,-23.4960716154052
19.3999999999999,18.7546224089521,7.19904633272402,-25.9536687416761
19.4999999999999,18.5015731494655,8.72250175601354,-27.224074905479
19.5999999999999,17.2221343289966,10.0550918560107,-27.2772261850073
19.6999999999999,14.344112119772,12.4811334038092,-26.8252455235812
19.7999999999999,10.5569654710581,16.1040567375196,-26.6610222085778
19.8999999999999,7.92677254254,19.0181509303741,-26.9449234729141
19.9999999999999,6.10911839202687,20.6091553190515,-26.7182737110783
20.0999999999999,3.53895836617708,21.3836666011432,-24.9226249673202
20.1999999999999,-0.896741600505225,22.3438323639783,-21.4470907634731
20.2999999999999,-6.16392942514421,24.4391539115987,-18.2752244864545
20.3999999999999,-8.40746723739715,26.7132833494775,-18.3058161120804
20.4999999999999,-9.62733009437145,28.058743972388,-18.4314138780166
20.5999999999999,-10.462187649931,27.8769213423978,-17.4147336924668
20.6999999999999,-11.7927318518594,26.4794374915057,-14.6867056396462
20.7999999999999,-14.4383817000243,25.2329182313471,-10.7945365313229
20.8999999999999,-17.1452316447445,25.5072590033812,-8.36202735863669
20.9999999999999,-19.2853229905131,26.2003272556981,-6.91500426518506
21.0999999999999,-20.2850346777119,25.5591157706567,-5.27408109294482
21.1999999999999,-20.745495842861,23.277386316856,-2.53189047399497
21.2999999999999,-22.007872295874,20.1254078470514,1.88246444882248
21.3999999999999,-24.6461674511462,19.1142848587162,5.53188259243008
21.4999999999999,-27.2148495192112,19.2639678114495,7.9508817077616
21.5999999999999,-27.6903731654285,18.2282580576982,9.46211510773028
21.6999999999999,-26.8469689423807,15.8368649741775,11.0101039682032
21.7999999999999,-25.8192941092776,11.9470887630842,13.8722053461933
21.8999999999999,-26.8977439691075,8.8003551342671,18.0973888348404
21.9999999999999,-28.0152199914327,7.09194965105987,20.9232703403728
22.0999999999999,-27.8328366155785,5.65472732846749,22.178109287111
22.1999999999999,-26.1576350896137,3.56724739420103,22.5903876954127
22.2999999999999,-22.9147329952521,-0.171832434082041,23.0865654293342
22.3999999999999,-20.266346904248,-4.55447221289448,24.8208191171424
22.4999999999999,-20.3993526695764,-7.06124050462525,27.4605931742017
22.5999999999999,-20.2725521138366,-8.79000893299301,29.0625610468296
22.6999999999999,-19.1862147120469,-10.1177121955841,29.303926907631
22.7999999999999,-16.6984154969391,-12.1799735173526,28.8783890142917
22.8999999999999,-12.6482400042801,-15.8442792380607,28.4925192423409
22.9999999999999,-9.2988579741968,-19.1852392096722,28.484097183869
23.0999999999999,-7.29284807476164,-21.1390761843327,28.4319242590943
23.1999999999999,-5.0414095455831,-21.9294130765336,26.9708226221167
23.2999999999999,-1.35067365414813,-22.5536230796317,23.9042967337798
23.3999999999999,4.59845022382179,-24.485992906077,19.8875426822553
23.4999999999999,7.73381323559417,-26.7579100842703,19.0240968486761
23.5999999999999,9.2233780974934,-28.4151068746212,19.1917287771278
23.6999999999999,10.0551878261508,-28.5261878352494,18.4710000090986
23.7999999999999,11.0020851465154,-27.2420492072766,16.2399640607612
23.8999999999999,13.1123770293203,-25.5239540036872,12.411576974367
23.9999999999999,15.9377019680118,-25.177371335578,9.2396693675662
24.0999999999999,18.2993489172922,-25.8991590569669,7.59981013967465
24.1999999999999,19.4245573294796,-25.4014091155237,5.97685178604402
24.2999999999999,19.877012929815,-23.6906382879026,3.81362535808758
24.3999999999999,20.5668045414987,-20.5515035350188,-0.0153010064799471
24.4999999999999,22.7094547197838,-18.5272833557734,-4.18217136401044
24.5999999999999,25.5872271030045,-18.7122386220056,-6.87498848099897
24.6999999999999,26.6298433769794,-18.0910939322126,-8.5387494447668
24.7999999999999,26.0153171645912,-16.1718238510352,-9.84349331355602
24.8999999999999,24.7091931134485,-12.6298592081453,-12.0793339053032
24.9999999999999,25.1460213396717,-9.093605079326,-16.0524162603457
25.0999999999999,26.4405592204512,-7.12894438767378,-19.3116148327774
25.1999999999999,26.6691272918218,-5.77610116671713,-20.8930261251046
25.2999999999999,25.3188290458501,-3.92118067349259,-21.3976483723575
25.3999999999999,22.4998304071937,-0.866782640016441,-21.6330477671773
25.4999999999999,19.5797884736595,3.48681315969982,-23.0666016333594
25.5999999999999,19.2698656764436,6.31144697607287,-25.5813126525165
25.6999999999999,19.3240286411272,8.14912218644332,-27.4731508275705
25.7999999999999,18.5964346084911,9.50293695569858,-28.0993715641897
25.8999999999999,16.6117367749111,11.1601443148909,-27.771881089802
25.9999999999999,12.883991266767,14.4859895009958,-27.3699807677628
26.0999999999999,9.34831885430625,18.0095168944117,-27.3578357487179
26.1999999999999,7.32062977009103,20.2790317932052,-27.5996615632962
26.2999999999999,5.26457431333105,21.321830853485,-26.586405166816
26.3999999999999,2.0082138439745,21.9267711342527,-23.9349849782272
26.4999999999999,-3.54657056659384,23.5472774826714,-20.0007069160776
26.5999999999999,-7.35558187320313,25.7763277346881,-18.420745861485
26.6999999999999,-9.03551292434406,27.7823679338201,-18.746855009476
26.7999999999999,-9.9729716054508,28.2736123757171,-18.3006407702663
26.8999999999999,-10.8401971619662,27.3962394840619,-16.5560423220958
26.9999999999999,-12.7303498949598,25.7435786161388,-13.013228721179
27.0999999999999,-15.604827791101,25.1481688134571,-9.54334102235608
27.1999999999999,-18.1381255406407,25.8848664811142,-7.74674094047351
27.2999999999999,-19.6871571099837,25.9889929838413,-6.30183587385752
27.3999999999999,-20.2106101910585,24.4815425041808,-4.27093231312231
27.4999999999999,-20.8431683740177,21.6030035509766,-0.759835176958808
27.5999999999999,-22.6032050207402,18.9075959052207,3.69560911551956
27.6999999999999,-25.6975279334262,19.040737305144,6.65679062828214
27.7999999999999,-27.280462515575,18.7257318577931,8.55473065778183
27.8999999999999,-26.9495344799891,17.0273722774444,9.92216220254471
27.9999999999999,-25.7532969500385,13.8884948263074,11.8648021237311
28.0999999999999,-25.6476405875279,9.99617763532227,15.6514629522057
28.1999999999999,-27.0401149620696,7.70511521559988,19.3349997464697
28.2999999999999,-27.6826872998805,6.31897934001454,21.363707959866
28.3999999999999,-26.6508013359885,4.6097403412278,22.0410609947607
28.4999999999999,-24.1257333698446,1.87470994641275,22.2510234234319
28.5999999999999,-20.9367560270526,-2.51416432218455,23.4509203492372
28.6999999999999,-19.8959391633819,-5.86293195418872,25.7588711175706
28.7999999999999,-20.0292361662401,-7.92140003369726,27.9506361999374
28.8999999999999,-19.4968514090873,-9.34873822487045,28.8455896339578
28.9999999999999,-17.8101812195264,-10.8646935046361,28.6748747241625
29.0999999999999,-14.4498614523782,-13.7528483054625,28.2027097578407
29.1999999999999,-10.5257623903296,-17.500558601668,28.0263209919976
29.2999999999999,-8.0402281386526,-20.1514089172076,28.1916370558603
29.3999999999999,-6.14582027428673,-21.4679299238928,27.6137501981795
29.4999999999999,-3.34604601582047,-22.043951901241,25.3899979170614
29.5999999999999,1.75751542317489,-23.2292208726354,21.4717054494605
29.6999999999999,6.63345545211814,-25.4312063875984,18.7977509354802
29.7999999999999,8.62654985672979,-27.6180785079591,18.9915286512293
29.8999999999999,9.72731161751055,-28.5675401265631,18.8402285090526
29.9999999999999,10.5063286557477,-27.9004408987041,17.3941122429565
30.0999999999999,11.9554111020501,-26.2966280835535,14.3412169815033
30.1999999999999,14.7122638800526,-25.1265323907055,10.4142685106529
30.2999999999999,17.353218723462,-25.6026550897568,8.24943636629487
30.3999999999999,19.2314861557655,-26.0623835448519,6.83089738908635
30.4999999999999,19.8077265525023,-24.6756265053523,4.86789995285001
30.5999999999999,20.2786207852432,-22.309317705038,2.03069691979475
30.6999999999999,21.6734024562762,-19.2342513861265,-2.43915107014965
30.7999999999999,24.5779401455894,-18.7732340856417,-5.80470605994765
30.8999999999999,26.6331176769063,-18.6997503474918,-7.93336732941452
30.9999999999999,26.7538098880906,-17.435856531701,-9.31795335638961
31.0999999999999,25.5928348307062,-14.6749506371477,-10.9178841935586
31.1999999999999,24.9387287541504,-10.7533769014063,-14.1853518527441
31.2999999999999,26.1811917913451,-8.03420464162124,-18.1469871497239
31.3999999999999,27.0822394153981,-6.54095876629112,-20.541280649107
31.4999999999999,26.6071110525201,-5.07284595336992,-21.5342650991501
31.5999999999999,24.4178735904623,-2.67916281531062,-21.7387107751517
31.6999999999999,21.1935832814132,1.31833440477233,-22.5119176861854
31.7999999999999,19.3998217784741,5.14546642311791,-24.5452882015921
31.8999999999999,19.6158431713308,7.37061313258567,-26.9864563039164
31.9999999999999,19.3049495601413,8.91178938440212,-28.2167389445434
32.0999999999999,18.0251361377194,10.2651536171248,-28.2902897548441
32.1999999999999,15.1032491335737,12.6943373263608,-27.7975864599344
32.2999999999999,11.1065495144067,16.4469409380427,-27.5534904524493
32.3999999999999,8.31130050537556,19.4383611932749,-27.7496616986504
32.4999999999999,6.48859004425623,20.9997653774034,-27.4883554216597
32.5999999999999,3.85370545348579,21.6945465197963,-25.5482519732821
32.6999999999999,-0.372200459475287,22.5626273796855,-22.1904269202102
32.7999999999999,-5.8894701205456,24.6895685616129,-18.8000984410673
32.8999999999999,-8.26274952270468,26.9737420552133,-18.7109925325086
32.9999999999999,-9.52709235329777,28.3285785313583,-18.8014861780605
33.0999999999999,-10.3338562775616,28.0595017671275,-17.7256454895659
33.1999999999999,-11.5259655283937,26.6303605395239,-15.1043950111302
33.2999999999999,-14.1065158303385,25.2399785563942,-11.1334627260557
33.3999999999999,-16.8426264668081,25.4021385876847,-8.55951212087662
33.4999999999999,-18.9358147555114,26.0230606633578,-7.08724590784643
33.5999999999999,-19.8662524814546,25.1974235408695,-5.33117105941486
33.6999999999999,-20.3001922994857,23.1224288779017,-2.82223657841594
33.7999999999999,-21.4460497063586,19.919402927525,1.52664677883356
33.8999999999999,-24.051015326809,18.8142365971185,5.23677872969056
33.9999999999999,-26.6330913180187,18.9652331572168,7.66785816080191
34.1,-27.0946114992901,17.9540769797322,9.14053451955786
34.2,-26.2177960586277,15.5828082538935,10.6349878047342
34.3,-25.1580993529971,11.7798047855113,13.3782945674858
34.4,-26.1564316032592,8.6209964130244,17.5354351902348
34.5,-27.2868854962749,6.92518090442867,20.3617045918462
34.6,-27.1382647976435,5.5237894343857,21.6144753632579
34.7,-25.4634452024468,3.46502829763031,21.9984169048164
34.8,-22.2595822654337,-0.180953204635541,22.4405354700692
34.9,-19.6642093228579,-4.48230116418628,24.1465104870441
35,-19.8410167799628,-6.95326510207795,26.7942818820407
35.1,-19.7539754406693,-8.66335299191558,28.4173284325848
35.2,-18.6745950311473,-9.98314156073602,28.6577365918833
35.3,-16.2151039739058,-12.024471906433,28.2395758803388
35.4,-12.2463735390755,-15.6319761557903,27.8783496948658
35.5,-9.01720833675577,-18.9271841290472,27.944392465803
35.6,-7.06268989170829,-20.8714036755293,27.9340935672376
35.7,-4.72707163088337,-21.6834286346901,26.4105002655734
35.8,-1.08034447317735,-22.3636311887323,23.4439756619097
35.9,4.73866682365429,-24.2936290209261,19.5549621972719
36,7.80096199032296,-26.5658818434815,18.7649198531586
36.1,9.27189490430802,-28.2441836293975,18.9722887250894
36.2,10.111151457189,-28.3555446257497,18.2443931685608
36.3,11.1126282618368,-27.1261896552849,16.013561393448
36.4,13.3035540238584,-25.4881896549971,12.1846356311387
36.5,16.1162085486998,-25.2115264881518,9.09531793945203
36.6,18.4901881032046,-25.9889458324226,7.49875772921802
36.7,19.6461485802874,-25.5101524127931,5.86400383250567
36.8,20.0983318468896,-23.7983159460505,3.69998409916089
36.9,20.898536473326,-20.6795582333719,-0.218978239954133
37,23.076044300501,-18.706890247171,-4.36915405332995
37.1,25.9524800843852,-18.9032387621851,-7.04924132220012
37.2,26.9978394054108,-18.2706044563147,-8.72723494909615
37.3,26.3897967589609,-16.3237799823698,-10.0660167765911
37.4,25.128106157708,-12.7521072720976,-12.3759988856104
37.5,25.5991401403931,-9.21170199244491,-16.3874381479482
37.6000000000001,26.890217685694,-7.23675605985252,-19.6534616258414
37.7000000000001,27.1100232629043,-5.86706620008536,-21.2429570628189
37.8000000000001,25.753484029701,-3.99250790501171,-21.7609761246893
37.9000000000001,22.908155017232,-0.892597649642535,-22.0155573675895
38.0000000000001,19.9624439352918,3.51816374556035,-23.4806076808522
38.1000000000001,19.6218806000665,6.3756609442555,-25.9975415443219
38.2000000000001,19.6575443079141,8.22829190459944,-27.8858362125135
38.3000000000001,18.9090853869886,9.58929607564842,-28.498381462637
38.4000000000001,16.9278010916335,11.2402883344052,-28.1680894260386
38.5000000000001,13.1361224448118,14.6044295521282,-27.7405519969401
38.6000000000001,9.51826588958766,18.1756246287769,-27.6938905183645
38.7000000000001,7.46093868758608,20.4524795361294,-27.9134182237155
38.8000000000001,5.35881429243483,21.4646828488068,-26.8234971412417
38.9000000000001,2.19743855888771,22.0483728136083,-24.245811372496
39.0000000000001,-3.38715198657905,23.6487794637507,-20.2616274771716
39.1000000000001,-7.28970450326865,25.8929070133468,-18.6032025100782
39.2000000000001,-8.99477748464774,27.8921083848226,-18.8973309001749
39.3000000000001,-9.93210895733237,28.368408135418,-18.4362991780857
39.4000000000001,-10.7670562920676,27.4844232235504,-16.7173669314828
39.5000000000001,-12.6172868809199,25.7914798237183,-13.1741929427984
39.6000000000001,-15.4842134948739,25.1282371235755,-9.64402362870166
39.7000000000001,-18.0385756361308,25.8548315603461,-7.81625592421534
39.8000000000001,-19.5996975963163,25.9670803563405,-6.36738276002417
39.9000000000001,-20.058786215601,24.3803841640463,-4.32159794844525
40.0000000000001,-20.6521626931945,21.5295706430117,-0.877407949817249
40.1000000000001,-22.3727062167971,18.8047716059187,3.56793461087833
40.2000000000001,-25.4699981742734,18.9266285374924,6.54336963678108
40.3000000000001,-27.0679254514282,18.6271897011504,8.44073575027775
40.4000000000001,-26.7171965700756,16.9327036233858,9.78449294668979
40.5000000000001,-25.5017725097882,13.8009215770705,11.7008509327176
40.6000000000001,-25.3658308126359,9.93499425784429,15.4308365547916
40.7000000000001,-26.7498787808224,7.638705527286,19.1111732535363
40.8000000000001,-27.3944835875444,6.25880832787773,21.1356752596667
40.9000000000001,-26.3688332286524,4.56109826063868,21.8077349680138
41.0000000000001,-23.8640197143322,1.85936691201103,22.0046528023212
41.1000000000002,-20.690264571762,-2.49185141055143,23.1821159823135
41.2000000000002,-19.6657678607461,-5.82176009235619,25.4875279531023
41.3000000000002,-19.8142654841145,-7.87078559964801,27.6850510837625
41.4000000000002,-19.2881371529955,-9.29173810877747,28.5798752617731
41.5000000000002,-17.6115174431636,-10.8043688691937,28.4158863123574
41.6000000000002,-14.2706787119915,-13.6752190075708,27.9458977195622
41.7000000000002,-10.3947232357067,-17.3989943494729,27.7937175851796
41.8000000000002,-7.94338520606487,-20.0473922905713,27.9907774966362
41.9000000000002,-6.09648755333511,-21.3819414603159,27.478429013651
42.0000000000002,-3.29382557532988,-21.9298521636746,25.2236777390045
42.1000000000002,1.84296041719807,-23.146347443348,21.3033870261499
42.2000000000002,6.66502121360439,-25.3434776194498,18.6784564058454
42.3000000000002,8.64537338387192,-27.5385388847277,18.8931655008558
42.4000000000002,9.7420832784878,-28.4996881906525,18.7576049121648
42.5000000000002,10.536149726487,-27.8345770669485,17.2984273404615
42.6000000000002,12.0136626889101,-26.2538802302601,14.24021754135
42.7000000000002,14.7822139136179,-25.1174314537819,10.335217540164
42.8000000000002,17.4206256941842,-25.6212834964856,8.2006578023014
42.9000000000002,19.2721147826843,-26.0542684200002,6.78215363731583
43.0000000000002,19.9026680948051,-24.7403924934706,4.8377243986655
43.1000000000002,20.388866817675,-22.3355932107864,1.94672639311134
43.2000000000002,21.809022330556,-19.2846550721007,-2.5243672584552
43.3000000000002,24.7167990034632,-18.8395088026699,-5.87729020079332
43.4000000000002,26.7674493665333,-18.762677281292,-8.00477208524132
43.5000000000002,26.8952141839838,-17.4975981543126,-9.39761602967122
43.6000000000002,25.743705476445,-14.7197043260604,-11.0240011503846
43.7000000000002,25.1114772938895,-10.7955131848939,-14.3159641089956
43.8000000000002,26.3585770820144,-8.07629623323212,-18.2822808487823
43.9000000000002,27.2556342766428,-6.57707178436126,-20.6785624922815
44.0000000000002,26.7808408548727,-5.10335699150009,-21.6774838633727
44.1000000000002,24.5805259524038,-2.6925899910769,-21.8879359613269
44.2000000000002,21.3505327168067,1.32612315836901,-22.6766558751757
44.3000000000002,19.5443322885379,5.17121194187761,-24.7155442304155
44.4000000000002,19.7512786333851,7.40333070568367,-27.1546093390688
44.5000000000002,19.4332846283131,8.94846017011948,-28.3817447984326
44.6000000000003,18.1467330038975,10.3074704580888,-28.4542034619863
44.7000000000003,15.2228666046887,12.7375200962486,-27.9603867009374
44.8000000000003,11.1932984937935,16.5116879070491,-27.7049864008426
44.9000000000003,8.3709819609925,19.516594099313,-27.8875760603055
45.0000000000003,6.54502094994238,21.0726498837621,-27.6176708337044
45.1000000000003,3.95045301939567,21.7531113892169,-25.7035644086126
45.2000000000003,-0.298137834742838,22.6115761106176,-22.3134382758747
45.3000000000003,-5.84986347706231,24.7483108690963,-18.898447392034
45.4000000000003,-8.25126133236903,27.0269985457138,-18.7757372133448
45.5000000000003,-9.52008758436552,28.3797940959766,-18.8597065116111
45.6000000000003,-10.3207192953564,28.1029972903293,-17.7822779949729
45.7000000000003,-11.4963639118728,26.6638249846117,-15.1674610727389
45.8000000000003,-14.0654421625501,25.2514455951774,-11.1860034326272
45.9000000000003,-16.8043735627201,25.3957987092103,-8.59142514649005
46.0000000000003,-18.900386751869,26.0164923457173,-7.1161055938483
46.1000000000003,-19.8130718535921,25.159751547908,-5.34667969431589
46.2000000000003,-20.2436491172514,23.1004602169186,-2.85681109966718
46.3000000000003,-21.3690313009843,19.8979474412432,1.47108385974105
46.4000000000003,-23.969952036656,18.7780383519492,5.19191368470683
46.5000000000003,-26.5492131455552,18.9255466578723,7.62366648768289
46.6000000000003,-27.0158879933035,17.9225378995476,9.09335009375591
46.7000000000003,-26.1292558807651,15.5511365866591,10.5781192941061
46.8000000000003,-25.067450828763,11.7615519987147,13.3058988300483
46.9000000000003,-26.0497225632777,8.59867802185599,17.4510445414217
47.0000000000003,-27.1816749690411,6.90379240743141,20.2778825616097
47.1000000000003,-27.0402100497921,5.50830536199403,21.5319046877981
47.2000000000003,-25.3598338348055,3.45140067167398,21.9084331631315
47.3000000000003,-22.1640158702487,-0.177441722889365,22.341457593138
47.4000000000003,-19.57600664723,-4.46804881620517,24.0440554634352
47.5000000000003,-19.7582486590453,-6.93418616540222,26.6924348244475
47.6000000000003,-19.6743512714942,-8.64026393868129,28.3146152101755
47.7000000000003,-18.598794696149,-9.95940727716507,28.5582019733141
47.8000000000003,-16.1441268645648,-11.9964735076399,28.1406003722046
47.9000000000003,-12.1884073506369,-15.5961382094882,27.784545560125
48.0000000000003,-8.97426109457223,-18.8840565685168,27.8583176630891
48.1000000000003,-7.03137453314939,-20.8310701818509,27.8624447150003
48.2000000000004,-4.68211918101719,-21.6429588151451,26.3250779961623
48.3000000000004,-1.05148753434558,-22.3241282162806,23.3756157506262
48.4000000000004,4.77988420955834,-24.2643015335719,19.4844173240135
48.5000000000004,7.80785088438144,-26.5290762250103,18.7212253406289
48.6000000000004,9.27608582258839,-28.2106716077056,18.9345857851173
48.7000000000004,10.1165820723383,-28.3227037530864,18.206121680748
48.8000000000004,11.1259058189589,-27.1006712237159,15.974765404757
48.9000000000004,13.327963834506,-25.4756396329565,12.1476757984505
49.0000000000004,16.1392473941264,-25.2091204059509,9.06987301182461
49.1000000000004,18.5168664462547,-25.9980732974057,7.48120685115101
49.2000000000004,19.6834123997543,-25.5449083562527,5.86149595649844
49.3000000000004,20.1335283780937,-23.800894189235,3.66736581114126
49.4000000000004,20.944144403135,-20.6901081439187,-0.254036259216243
49.5000000000004,23.1249022247778,-18.7262170780746,-4.39868514670324
49.6000000000004,26.0007842474024,-18.9247500130814,-7.07603423432091
49.7000000000004,27.0467269046089,-18.2908843165579,-8.75584258805103
49.8000000000004,26.4395863714547,-16.3391551270803,-10.1004312443744
49.9000000000004,25.1865043882048,-12.7645127808326,-12.4219916073721
50.0000000000004,25.663396989477,-9.2253219608931,-16.4380750285839
50.1000000000004,26.9542523289996,-7.24992045462921,-19.7043318743704
50.2000000000004,27.1730460628065,-5.87770193368534,-21.2953441291212
50.3000000000004,25.8176422685196,-4.00098536114639,-21.8166569073732
50.4000000000004,22.9671367839634,-0.89262640896212,-22.0745103750013
50.5000000000004,20.0188242513219,3.52632984294612,-23.545154094268
50.6000000000004,19.6746943747244,6.38783378675455,-26.062528161479
50.7000000000004,19.7080813012373,8.24309567468811,-27.9511769759254
50.8000000000004,18.9559582977459,9.60555782785269,-28.5615161255986
50.9000000000004,16.9753371245531,11.2563118501717,-28.2316489747248
51.0000000000004,13.1730302219558,14.6267629799118,-27.7997932018676
51.1000000000004,9.54378592485978,18.2056525044698,-27.7494384293296
51.2000000000004,7.48120505547854,20.4824146150664,-27.9636196705449
51.3000000000004,5.37695151487243,21.4890791982472,-26.8660307131196
51.4000000000004,2.21668373791588,22.0751039930496,-24.2917877309655
51.5000000000004,-3.36623896273509,23.6704888021087,-20.3042498393736
51.6000000000004,-7.28358519703798,25.9176670111498,-18.6340818141118
51.7000000000005,-8.99184716878647,27.9154266251581,-18.9235794563716
51.8000000000005,-9.92923654379303,28.3898124000124,-18.4605758562194
51.9000000000005,-10.761855152495,27.5029577187721,-16.741102566277
52.0000000000005,-12.6042012690145,25.8051714612144,-13.2009701921999
52.1000000000005,-15.4706757162404,25.1319407219935,-9.66126500575317
52.2000000000005,-18.0275983131231,25.8561204609998,-7.82852214787662
52.3000000000005,-19.5779439202766,25.9487105200908,-6.37076659981419
52.4000000000005,-20.0366896055637,24.3610510626865,-4.32436145712279
52.5000000000005,-20.630009879717,21.5202796961416,-0.890269816424652
52.6000000000005,-22.3427978492165,18.7947380459989,3.54805980321759
52.7000000000005,-25.4402622263407,18.913907292846,6.52635493349473
52.8000000000005,-27.040424917762,18.6164621759768,8.42396274178519
52.9000000000005,-26.686517978442,16.9224020512404,9.76411592720165
53.0000000000005,-25.4679370095442,13.7920446941468,11.6758923153973
53.1000000000005,-25.3271113517966,9.92864471307954,15.3984666387169
53.2000000000005,-26.7094182003477,7.6307017556003,19.0787164447473
53.3000000000005,-27.3547447642334,6.25178738577536,21.102957378458
53.4000000000005,-26.3293490443378,4.55603555530587,21.773313489032
53.5000000000005,-23.8269195536844,1.85941306328504,21.9675064903993
53.6000000000005,-20.6545676403876,-2.48685033577059,23.1414179761582
53.7000000000005,-19.6317877061391,-5.81348126608141,25.4452689722205
53.8000000000005,-19.7824405558527,-7.86124396848792,27.6436845243406
53.9000000000005,-19.2570234929226,-9.28089380740409,28.5379173003268
54.0000000000005,-17.5821844008482,-10.7924345760497,28.3746189768979
54.1000000000005,-14.2450789338271,-13.6600946620206,27.9051735958477
54.2000000000005,-10.3750500590059,-17.3801924383723,27.7552424973782
54.3000000000005,-7.92849163944902,-20.0281269737778,27.9566186132268
54.4000000000005,-6.08783896920211,-21.3631008215426,27.4509397907448
54.5000000000005,-3.26296381718192,-21.9099113211847,25.1728751383666
54.6000000000005,1.8550708296001,-23.1296338136202,21.2745629840201
54.7000000000005,6.66846686694964,-25.3243436425328,18.6558767755831
54.8000000000005,8.64680117832794,-27.52086582702,18.874064648692
54.9000000000005,9.74250774748993,-28.484071676958,18.7415639294681
55.0000000000005,10.5385984936552,-27.8189151975058,17.2803167038506
55.1000000000005,12.0198196627162,-26.2413494876532,14.2215298249371
55.2000000000005,14.7891046114476,-25.1127981334494,10.3236935220018
55.3000000000006,17.4276809251204,-25.6186453053792,8.1909643802588
55.4000000000006,19.2739154070431,-26.0465211204623,6.77260571341922
55.5000000000006,19.9164463368897,-24.7533365409833,4.83689020409357
55.6000000000006,20.4039024683332,-22.3343531814098,1.93045071307652
55.7000000000006,21.8261958995395,-19.2876225164327,-2.53857338310682
55.8000000000006,24.7344629392255,-18.8456779811963,-5.88878495802912
55.9000000000006,26.7839091741592,-18.7682843435316,-8.01562483062758
56.0000000000006,26.91361291102,-17.5040983675791,-9.40951454344091
56.1000000000006,25.7639821982134,-14.7227841551696,-11.0411980430439
56.2000000000006,25.1355338204037,-10.7993626439934,-14.3361711764103
56.3000000000006,26.3837255269697,-8.08099718021281,-18.3027283467568
56.4000000000006,27.2801791439407,-6.58103939916888,-20.6991397447718
56.5000000000006,26.8070611058347,-5.10743221990319,-21.6996288859315
56.6000000000006,24.6038801917687,-2.69270713582776,-21.9111730559409
56.7000000000006,21.3796427570988,1.32197015185877,-22.7016129089576
56.8000000000006,19.5687716857735,5.1717959071347,-24.7405675929082
56.9000000000006,19.7731428444322,7.40554082741884,-27.178683671851
57.0000000000006,19.4536275983797,8.95107188451767,-28.4046994828974
57.1000000000006,18.1652800932316,10.3108250772515,-28.4761051704831
57.2000000000006,15.2428689143816,12.7388522265634,-27.9817211409451
57.3000000000006,11.2069075001687,16.5169919044134,-27.7238994045821
57.4000000000006,8.37950315629574,19.5245956798285,-27.9040988361242
57.5000000000006,6.55343738823175,21.0785007816681,-27.6319381698999
57.6000000000006,3.96875466575996,21.7573728784349,-25.7261275441948
57.7000000000006,-0.280526692039606,22.6097715353571,-22.3292448433176
57.8000000000006,-5.83800423112621,24.7496647693478,-18.9116605382215
57.9000000000006,-8.24600419833207,27.0281382000361,-18.782134001704
58.0000000000006,-9.51608469620244,28.3819385109898,-18.8658538147873
58.1000000000006,-10.315630747108,28.1023874847176,-17.7867567376096
58.2000000000006,-11.4876280136394,26.6625745952306,-15.1749465815912
58.3000000000006,-14.0545572063596,25.2461364273865,-11.1915792210269
58.4000000000006,-16.7936478167658,25.3875347815669,-8.59388696480111
58.5000000000006,-18.8901873737019,26.0090027667483,-7.11881539304643
58.6000000000006,-19.7969605518708,25.1407248864781,-5.34376433460735
58.7000000000007,-20.2296454173636,23.0896138820629,-2.85996846469933
58.8000000000007,-21.3517405807271,19.8891821361549,1.46255844457217
58.9000000000007,-23.9522974857681,18.7676821289626,5.18461535680556
59.0000000000007,-26.5306210924303,18.9146771477801,7.61594394465019
59.1000000000007,-26.9986967803558,17.9134239586918,9.08527282166395
59.2000000000007,-26.1109934924304,15.5424579184349,10.5685355739955
59.3000000000007,-25.049074543117,11.7551821865255,13.2938923565915
59.4000000000007,-26.0294984218419,8.59269087716202,17.4368075446799
59.5000000000007,-27.1619091567408,6.89855382208961,20.2633553346512
59.6000000000007,-27.0214402374999,5.50395099994513,21.5174892375549
59.7000000000007,-25.3412873787308,3.44770264373341,21.8935847349974
59.8000000000007,-22.1467176339937,-0.178945538077866,22.3256631720716
59.9000000000007,-19.5607979343953,-4.46693309176148,24.0277310261568
60.0000000000007,-19.7441040198595,-6.93202569150821,26.6761297113678
60.1000000000007,-19.6607905450159,-8.63753934158612,28.2983298866021
60.2000000000007,-18.5858579501246,-9.95687504556388,28.5427329956884
60.3000000000007,-16.1319771221998,-11.993601488016,28.1255786102157
60.4000000000007,-12.1786510248663,-15.5923843510187,27.771035375885
60.5000000000007,-8.96696859758979,-18.8789682383144,27.8459368359042
60.6000000000007,-7.026268544311,-20.8267603737007,27.8530289180117
60.7000000000007,-4.67380689296302,-21.6387628577539,26.3125697507169
60.8000000000007,-1.04804486450349,-22.3184202594283,23.3664651239318
60.9000000000007,4.78295709191711,-24.261335290304,19.4783781983868
61.0000000000007,7.81049040038565,-26.5265861151597,18.716095714774
61.1000000000007,9.27804863752166,-28.208362215614,18.9303135780924
61.2000000000007,10.1189344184018,-28.3208182330684,18.2018838146666
61.3000000000007,11.1296172370525,-27.0998573053101,15.9702400682576
61.4000000000007,13.3337116696116,-25.4765825557395,12.1428708861278
61.5000000000007,16.1447943520202,-25.2120986303928,9.06730427837252
61.6000000000007,18.5223837791012,-26.001667173678,7.47928339457684
61.7000000000007,19.6898297948045,-25.5496366548757,5.85980686007123
61.8000000000007,20.1409542283231,-23.8047064996354,3.66375227131226
61.9000000000007,20.9537766162093,-20.694810481648,-0.258966134561247
62.0000000000007,23.1343779538439,-18.7313070316268,-4.40307092221714
62.1000000000007,26.0106692037602,-18.9302666195081,-7.08040258425217
62.2000000000008,27.0569352844429,-18.2962902052019,-8.76064507924104
62.3000000000008,26.4490926476886,-16.3423522390089,-10.1067404086797
62.4000000000008,25.1982057957406,-12.7681359035024,-12.4300698922383
62.5000000000008,25.6751225460269,-9.22896909148068,-16.4461534545462
62.6000000000008,26.9654919546045,-7.2531810952568,-19.7123108593477
62.7000000000008,27.1844957340956,-5.88007829714721,-21.3044174369484
62.8000000000008,25.8299677069949,-4.00398890087725,-21.8259788061177
62.9000000000008,22.9774038770384,-0.893762767229117,-22.0836411098092
63.0000000000008,20.0316622048611,3.52190583781275,-23.5535680426738
63.1000000000008,19.6839453469266,6.3865095462021,-26.0704548931287
63.2000000000008,19.7164861818573,8.24208851072437,-27.9585746925817
63.3000000000008,18.9638729944449,9.60424635804437,-28.5681193524892
63.4000000000008,16.9835184700184,11.2539271667538,-28.2374456367722
63.5000000000008,13.1794450770794,14.6242538563192,-27.8036989333986
63.6000000000008,9.54896081329514,18.2037093819959,-27.752670195291
63.7000000000008,7.48418938097143,20.4812453433504,-27.9654347243218
63.8000000000008,5.38055901178065,21.4868038651348,-26.8673628769155
63.9000000000008,2.22150101908209,22.0721193599278,-24.2936203790098
64.0000000000008,-3.3586441163369,23.6642330229933,-20.3055889066564
64.1000000000008,-7.27902695643763,25.9126125730025,-18.6335856165648
64.2000000000008,-8.98804507606704,27.9103574438674,-18.9223123678003
64.3000000000008,-9.92518425176421,28.3844274983058,-18.4592432465416
64.4000000000008,-10.7574006162454,27.4969884489357,-16.7395878326904
64.5000000000008,-12.5975527084816,25.798591114374,-13.2010384058924
64.6000000000008,-15.4631139732072,25.1237105358858,-9.66059656267869
64.7000000000008,-18.0202908941126,25.8478964049516,-7.82760551083889
64.8000000000008,-19.5688639903606,25.9376807987076,-6.36881680834695
64.9000000000008,-20.0275848371841,24.3505902669778,-4.32300542979374
65.0000000000008,-20.620509787153,21.5112637261896,-0.89075393903658
65.1000000000008,-22.332153073951,18.7865296186253,3.54562345532571
65.2000000000008,-25.4298962376914,18.9062408598372,6.52365537785415
65.3000000000008,-27.0302247672273,18.6093257193236,8.42089904790376
65.4000000000008,-26.6763231263327,16.9156959633426,9.76062716299012
65.5000000000009,-25.4577797464803,13.7859518945222,11.671827851958
65.6000000000008,-25.3172071925851,9.92393022538379,15.3932769672013
65.7000000000009,-26.6996205499982,7.62686945905141,19.0727510909467
65.8000000000008,-27.3452580063555,6.24845039421902,21.0968076121365
65.9000000000009,-26.3206257853453,4.55306204466305,21.7675637406822
66.0000000000009,-23.8184537744711,1.8563177082293,21.9621360662418
66.1000000000009,-20.6469600044235,-2.48889327882086,23.1358532832444
66.2000000000009,-19.625659804063,-5.81434786720149,25.4400076712645
66.3000000000009,-19.7769531606758,-7.86186550812968,27.6388186688054
66.4000000000009,-19.2514825345086,-9.28154009285963,28.5330226273682
66.5000000000009,-17.5770134944366,-10.7935769417621,28.3705904361987
66.6000000000009,-14.2402691760944,-13.6615258815218,27.9017950576162
66.7000000000009,-10.3716586460738,-17.3810656102757,27.7527242563496
66.8000000000009,-7.92612001909166,-20.0289214649064,27.9550414839981
66.9000000000009,-6.08539058552217,-21.3634803419818,27.4488709275039
67.0000000000009,-3.25551427760466,-21.9114391030285,25.1669533806332
67.1000000000009,1.85801697312711,-23.1327167387248,21.2746997655976
67.2000000000009,6.67017331418645,-25.3270558468136,18.6568825326271
67.3000000000009,8.64851623726127,-27.5238669759753,18.8753507387141
67.4000000000009,9.74429740794104,-28.4872240259185,18.7429266179774
67.5000000000009,10.5409984561217,-27.8221934305963,17.2811949744746
67.6000000000009,12.023264789751,-26.2451961948859,14.2219314051349
67.7000000000009,14.7931899964026,-25.117861061183,10.3246710647805
67.8000000000009,17.4320082965317,-25.6235353752655,8.19152707873384
67.9000000000009,19.2777251998697,-26.0507380772984,6.77301287742868
68.0000000000009,19.9216095965536,-24.7596099568286,4.83800036027502
68.1000000000009,20.4094147246373,-22.3391894555448,1.92977473090753
68.2000000000009,21.8320426057967,-19.2922097857006,-2.53983282009613
68.3000000000009,24.7405017161722,-18.8503612859278,-5.89014043024442
68.4000000000009,26.7901153603966,-18.7728396662939,-8.01727569410267
68.5000000000009,26.9193891791518,-17.5080170670282,-9.41137211212354
68.6000000000009,25.769637580964,-14.726702579472,-11.0429350014919
68.7000000000009,25.14110720767,-10.802437522222,-14.3386696854479
68.8000000000009,26.3891538086739,-8.08337125123015,-18.3057825574438
68.9000000000009,27.2853896369041,-6.58304929300659,-20.7023403438974
69.000000000001,26.8118681288681,-5.10920992468376,-21.7026582041844
69.1000000000009,24.6085519084243,-2.69454454169303,-21.9140073667313
69.200000000001,21.3841596488011,1.32007475441312,-22.7042344032143
69.300000000001,19.5727531969972,5.170805442179,-24.7435586391762
69.400000000001,19.7765009085764,7.40486252776402,-27.1813634363404
69.500000000001,19.4567463068262,8.95034879013749,-28.4070950969637
69.600000000001,18.1679571599297,10.310104764454,-28.4780619243836
69.700000000001,15.2463230372171,12.7370520146931,-27.9833750519102
69.800000000001,11.2089626691465,16.515962445133,-27.7249251142795
69.900000000001,8.38067075907268,19.5239950864801,-27.9046658455528
70.000000000001,6.55465267100678,21.0774579266399,-27.6321105976467
70.100000000001,3.9725481067919,21.755961121189,-25.7285092279809
70.200000000001,-0.280871403087866,22.6091486399416,-22.3282772368537
70.300000000001,-5.83753520169359,24.7474036572454,-18.9098684555518
70.400000000001,-8.24482584738466,27.0260232948133,-18.7811974474286
70.500000000001,-9.51490607091033,28.3798264138353,-18.864920342925
70.600000000001,-10.3141843618439,28.1000458147352,-17.7858614528912
70.700000000001,-11.4855408767151,26.6600508739714,-15.1745099972563
70.800000000001,-14.0519609360303,25.2431623715784,-11.1912014355482
70.900000000001,-16.7909804324937,25.3843237837949,-8.5933433513012
71.000000000001,-18.8874389236537,26.0057973797213,-7.11835845606764
71.100000000001,-19.7939684987953,25.1372620324076,-5.34329353361239
71.200000000001,-20.2264928320931,23.0863741025647,-2.85988127047162
71.300000000001,-21.3481019337426,19.8860303553467,1.46207157839596
71.400000000001,-23.948096739891,18.7642321884124,5.18386455147863
71.500000000001,-26.526862224341,18.911688189217,7.61517403512398
71.600000000001,-26.9946080278032,17.9103505432933,9.08425748450994
71.700000000001,-26.1072297052783,15.5397876517308,10.5674420535475
71.800000000001,-25.0451028585708,11.752643355952,13.2924595026188
71.900000000001,-26.0261085750463,8.59085786188767,17.4352507131586
72.000000000001,-27.1587822923259,6.89706898831969,20.2617133040062
72.100000000001,-27.0176383842739,5.50234228842986,21.515296095844
72.200000000001,-25.3389633071632,3.44680901006567,21.8921542970975
72.300000000001,-22.1434126267278,-0.180773935232753,22.3241865619605
72.400000000001,-19.5574412895985,-4.4684986674168,24.0259399570153
72.5000000000011,-19.7417961928234,-6.93323311968127,26.6750293125047
72.600000000001,-19.6579014709078,-8.63809476256688,28.2959962334747
72.7000000000011,-18.5834895170052,-9.95822173957524,28.5417112565805
72.8000000000011,-16.1302047198151,-11.9949424887672,28.1251472085823
72.9000000000011,-12.1771079949356,-15.5944639854667,27.7715719804023
73.0000000000011,-8.96583298441349,-18.8804338774163,27.8462668618297
73.1000000000011,-7.02625048692991,-20.8298529228355,27.8561034097654
73.2000000000011,-4.67085036374927,-21.6414235291745,26.3122738929237
73.3000000000011,-1.05035895277054,-22.3182715047339,23.3686304575044
73.4000000000011,4.78238082642199,-24.263813891947,19.4814330655251
73.5000000000011,7.81205562923934,-26.5291305498463,18.7170749206069
73.6000000000011,9.27972195251946,-28.2112847497881,18.9315627972686
73.7000000000011,10.1205599382155,-28.3233254421365,18.202765503921
73.8000000000011,11.1316287430197,-27.1027582381627,15.971129495143
73.9000000000011,13.3364683919373,-25.4801729045163,12.1437045125791
74.0000000000011,16.1478425171475,-25.2154406485969,9.06759813144947
74.1000000000011,18.5264451544274,-26.0064599490829,7.48001479465541
74.2000000000011,19.6948532335325,-25.5574820934865,5.86262885995404
74.3000000000011,20.1446635689072,-23.8078428052551,3.66317923634794
74.4000000000011,20.9578910683794,-20.6985235792645,-0.259367489114933
74.5000000000011,23.1384302150243,-18.7346022860558,-4.40382792896861
74.6000000000011,26.014524175221,-18.933297277948,-7.08122689727298
74.7000000000011,27.0606386955215,-18.2990534463542,-8.76158524916725
74.8000000000011,26.4528822637352,-16.3452728769968,-10.1076093867385
74.9000000000011,25.2015780815758,-12.7705355126208,-12.431042568955
75.0000000000011,25.6784436128924,-9.23063706517262,-16.4478065477198
75.1000000000011,26.9687758000174,-7.25453675301475,-19.7142390470027
75.2000000000011,27.1875790480833,-5.88139420386813,-21.3061848442151
75.3000000000011,25.8323743364994,-4.00489107798327,-21.8274832585162
75.4000000000011,22.9801591315628,-0.894952380026446,-22.0852067515363
75.5000000000011,20.0354903149908,3.51873448356158,-23.5542247985524
75.6000000000011,19.6866131662152,6.38443379618394,-26.0710469623991
75.7000000000011,19.7187955940847,8.24018748212132,-27.958983076206
75.8000000000011,18.9657815048267,9.60205536115041,-28.567836865977
75.9000000000011,16.9859349603838,11.2506476276185,-28.2365825880023
76.0000000000012,13.1811437746302,14.6205999439176,-27.8017437185478
76.1000000000011,9.55034220423565,18.2001244981029,-27.7504667023385
76.2000000000012,7.48468560312474,20.4779935802745,-27.9626791833992
76.3000000000012,5.38143867580764,21.4828758123633,-26.864314488171
76.4000000000012,2.22323249128779,22.0678754881378,-24.2911079794256
76.5000000000012,-3.35712454268136,23.6595202039002,-20.3023956612188
76.6000000000012,-7.27724461972804,25.9076414666798,-18.6303968469517
76.7000000000012,-8.98622384935489,27.9053292861501,-18.9191054367952
76.8000000000012,-9.92308486471034,28.3791366780229,-18.4560518133126
76.9000000000012,-10.755247365407,27.4916635477313,-16.7364161823243
77.0000000000012,-12.5945379955099,25.7933272222124,-13.1987892267025
77.1000000000012,-15.4593368641312,25.1180975950074,-9.65876073087613
77.2000000000012,-18.0166337368859,25.8426017296208,-7.82596799273487
77.3000000000012,-19.5643080292039,25.9310120021621,-6.36670397295818
77.4000000000012,-20.0234014626176,24.3449184985464,-4.32151703592889
77.5000000000012,-20.6163632271653,21.5061453994901,-0.889782172324718
77.6000000000012,-22.327793024609,18.7821314572763,3.54566156733258
77.7000000000012,-25.4257873513608,18.9024651474663,6.52332220389443
77.8000000000012,-27.0262576448157,18.6058690810255,8.4203885637901
77.9000000000012,-26.6723988130159,16.9123546659102,9.76004414710577
78.0000000000012,-25.4542009801789,13.7827270603197,11.6714739198592
78.1000000000012,-25.3139729890023,9.92137773274025,15.392595256262
78.2000000000012,-26.6967633250484,7.62505119275415,19.0717121322943
78.3000000000012,-27.342796924735,6.24700833642198,21.0957885883131
78.4000000000012,-26.3187063162323,4.55192776572742,21.7667785505049
78.5000000000012,-23.8160696798296,1.85434255948824,21.9617271203413
78.6000000000012,-20.645117516108,-2.49044184875211,23.1355593648601
78.7000000000012,-19.6245582340325,-5.8155885403533,25.4401467743858
78.8000000000012,-19.776005384192,-7.86299085023432,27.6389962344263
78.9000000000012,-19.2507033662767,-9.28286164574232,28.5335650120191
79.0000000000012,-17.5761046440014,-10.7952411143196,28.371345758321
79.1000000000012,-14.2392246929154,-13.663759819679,27.9029845125945
79.2000000000012,-10.3711382888986,-17.383162201617,27.7543004905156
79.3000000000012,-7.92587824311763,-20.0309432252879,27.9568214684056
79.4000000000012,-6.08506745285432,-21.3657209570792,27.4507884099334
79.5000000000013,-3.25436696046721,-21.9140353211237,25.168402281591
79.6000000000012,1.85923132200127,-23.1358178153837,21.2765864933825
79.7000000000013,6.67129132084011,-25.3305989771801,18.65930765634
79.8000000000013,8.64951354531679,-27.5271515429946,18.8776379976779
79.9000000000013,9.74557505673996,-28.4904769658241,18.7449019090841
80.0000000000013,10.5423829270941,-27.8257387633377,17.2833558362436
80.1000000000013,12.0250458322805,-26.2488121857145,14.2237663534341
80.2000000000013,14.7953537875398,-25.120780873369,10.3254270858292
80.3000000000013,17.4340562738618,-25.6269020855028,8.19284581164098
80.4000000000013,19.2810048245059,-26.0553130848721,6.77430826036619
80.5000000000013,19.9229493274118,-24.7603814513075,4.83743212389567
80.6000000000013,20.4112581907337,-22.3423336393588,1.93107544862522
80.7000000000013,21.8344174412579,-19.2951469412955,-2.53927049996241
80.8000000000013,24.7426219525378,-18.8524986353854,-5.89012331715241
80.9000000000013,26.7920257175424,-18.7747127223208,-8.01731299522164
81.0000000000013,26.9215546655501,-17.5101658200275,-9.41138884552266
81.1000000000013,25.7715875091697,-14.7285195862151,-11.0430679229546
81.2000000000013,25.1426222707779,-10.8039885876413,-14.3386336831366
81.3000000000013,26.3904684307074,-8.08447317703141,-18.305995253676
81.4000000000013,27.2865621369432,-6.58388825227042,-20.7026738846727
81.5000000000013,26.8131495163006,-5.11022068548687,-21.7029288308137
81.6000000000013,24.6095481941275,-2.69554152376396,-21.9140066703636
81.7000000000013,21.3942473009632,1.30839951709756,-22.7026468180608
81.8000000000013,19.575981761067,5.16307341286012,-24.7390551739272
81.9000000000013,19.777890196183,7.39823368317493,-27.1761238793579
82.0000000000013,19.4575321986445,8.94311513218039,-28.4006473308248
82.1000000000013,18.1681714609225,10.3019251087301,-28.4700965696526
82.2000000000013,15.2491781758993,12.7245625508013,-27.9737407267006
82.3000000000013,11.209160842716,16.5043376621077,-27.7134985048236
82.4000000000013,8.37961880631483,19.5129879765158,-27.8926067828307
82.5000000000013,6.55448477124442,21.0650060864959,-27.6194908577403
82.6000000000013,3.97829480114612,21.7423830129579,-25.720677814104
82.7000000000013,-0.280030384540996,22.5953538841059,-22.3153234995649
82.8000000000013,-5.8362981683674,24.7297084700165,-18.8934103016491
82.9000000000013,-8.23988965075303,27.0083100495082,-18.7684203987552
83.0000000000014,-9.50917240759448,28.3618006194228,-18.8526282118284
83.1000000000014,-10.3078043197021,28.0825192434525,-17.7747149237503
83.2000000000014,-11.478270007144,26.6422394763009,-15.1639694691569
83.3000000000014,-14.0430707385494,25.2257767955345,-11.1827060569851
83.4000000000014,-16.7813560823071,25.3681158459045,-8.58675976359741
83.5000000000014,-18.8771572994792,25.989621666153,-7.11246436667372
83.6000000000014,-19.7856370307561,25.1261045254109,-5.34046749465488
83.7000000000014,-20.2164530092088,23.0721467751703,-2.85569376596137
83.8000000000014,-21.3389293164124,19.8731980209043,1.46573129550814
83.9000000000014,-23.938476234874,18.7531360445072,5.18534019036684
84.0000000000014,-26.5178628614987,18.901888559849,7.61597430164962
84.1000000000014,-26.9849010260444,17.9002935294178,9.08460749662664
84.2000000000014,-26.0991540886036,15.5307596505579,10.5683944380456
84.3000000000014,-25.0374956251315,11.7436018339007,13.2938937912309
84.4000000000014,-26.0216501021331,8.5850920514371,17.436558050696
84.5000000000014,-27.1548358354123,6.8927946579364,20.2620411774759
84.6000000000014,-27.0123190709559,5.49743750482319,21.5148815661327
84.7000000000014,-25.3378324218738,3.44325423146147,21.8945781904123
84.8000000000014,-22.14022063396,-0.187461991883748,22.3276826258437
84.9000000000014,-19.556649830589,-4.47380414814421,24.0304539787332
85.0000000000014,-19.7422022980075,-6.93786016794648,26.680062465954
85.1000000000014,-19.6581838782835,-8.64278264656623,28.3009665248496
85.2000000000014,-18.5838390799609,-9.96403301227737,28.5478720922382
85.3000000000014,-16.130254184904,-12.0023597376329,28.1326139225368
85.4000000000014,-12.1772745093589,-15.6033033111626,27.7805778205215
85.5000000000014,-8.96641140659201,-18.8889808153049,27.855392221897
85.6000000000014,-7.02701842394186,-20.8390126704032,27.866031094345
85.7000000000014,-4.66956319102874,-21.6511894716773,26.3207526627061
85.8000000000014,-1.05033003626788,-22.3281720571172,23.3785020933851
85.9000000000014,4.7768632568436,-24.2727627472013,19.4958994903577
86.0000000000014,7.81406460674181,-26.5406886209419,18.7266240142001
86.1000000000014,9.2823753778869,-28.222742800341,18.9403674224541
86.2000000000014,10.1237004816725,-28.3347194845562,18.2110190028837
86.3000000000014,11.135043975392,-27.1139988795341,15.9789549041421
86.4000000000014,13.340214558034,-25.4905561469229,12.1503415888889
86.5000000000014,16.1522903917585,-25.2253192844019,9.07302889264333
86.6000000000015,18.5301850293172,-26.0143021244371,7.48411709511985
86.7000000000015,19.6974395208976,-25.5613309324555,5.86389141155787
86.8000000000015,20.1486654127571,-23.8167522530542,3.66808684029708
86.9000000000015,20.9610806468503,-20.7057327573265,-0.255347889523754
87.0000000000015,23.1425630368306,-18.7409040606697,-4.40165897616097
87.1000000000015,26.0184655422421,-18.9387199903768,-7.07974555186539
87.2000000000015,27.0642062560628,-18.3039835545994,-8.76022270146339
87.3000000000015,26.456633180478,-16.3514326448775,-10.1052005356005
87.4000000000015,25.2030240370027,-12.7754956231972,-12.4275284138055
87.5000000000015,25.6789357191034,-9.23355041041921,-16.4453853086842
87.6000000000015,26.9692573187244,-7.25644489991905,-19.7128124188053
87.7000000000015,27.187472300059,-5.88369097286175,-21.3037813271973
87.8000000000015,25.829666039958,-4.00583241672796,-21.8238336232301
87.9000000000015,22.9798062372642,-0.898278141418882,-22.0815280958454
88.0000000000015,20.0294310394169,3.52230438236842,-23.5517354217854
88.1000000000015,19.6833072112252,6.38568279587467,-26.0689900070999
88.2000000000015,19.7160741710357,8.24128066248806,-27.9573548335238
88.3000000000015,18.9632726523914,9.60325818955382,-28.5665308419452
88.4000000000015,16.9835676131966,11.2521323153743,-28.2356999285708
88.5000000000015,13.1788978647367,14.6224501597645,-27.8013480245013
88.6000000000015,9.54913680476139,18.2015819465504,-27.7507187513119
88.7000000000015,7.48376223637338,20.4794819911802,-27.9632442275536
88.8000000000015,5.38010896910109,21.4845905965652,-26.8646995656663
88.9000000000015,2.22142542497188,22.070245133008,-24.2916705579799
89.0000000000015,-3.3590847799656,23.662533442235,-20.3034486622694
89.1000000000015,-7.27874145222563,25.9109894980412,-18.6322480458155
89.2000000000015,-8.98769113848167,27.9086478954876,-18.9209567570059
89.3000000000015,-9.92468706539001,28.382475109759,-18.457788044369
89.4000000000015,-10.7572524312299,27.4950836780828,-16.737831246853
89.5000000000015,-12.5971774021017,25.7971080055182,-13.1999306034165
89.6000000000015,-15.462172252391,25.1218372182257,-9.65966496583461
89.7000000000015,-18.0197692934121,25.8466263129071,-7.82685701949507
89.8000000000015,-19.5660463490542,25.9321946303813,-6.36614828132709
89.9000000000015,-20.0260466330223,24.3470967966471,-4.3210501636248
90.0000000000015,-20.6200648817363,21.5093752022333,-0.889310320497115
90.1000000000016,-22.3317668950403,18.7860147903302,3.5457521047101
90.2000000000016,-25.4291046645161,18.9053371765713,6.52376748794488
90.3000000000016,-27.0293558939055,18.6084103898176,8.42094550408793
90.4000000000016,-26.6756641261284,16.9148946344116,9.7607694917168
90.5000000000016,-25.4572481836322,13.785242602487,11.6720055811452
90.6000000000016,-25.3168623564677,9.92329031548436,15.3935720409833
90.7000000000016,-26.6994339361862,7.62646791902906,19.0729660171571
90.8000000000016,-27.3451983264931,6.24815725967271,21.0970410668204
90.9000000000016,-26.3207231656406,4.55286512152681,21.7678580441139
91.0000000000016,-23.8183497543241,1.85587849650839,21.9624712578157
91.1000000000016,-20.6472123251439,-2.48910902390931,23.1363213490532
91.2000000000016,-19.6255841639734,-5.81450834033376,25.4400925043072
91.3000000000016,-19.7770975735899,-7.86219982274256,27.6392973963324
91.4000000000016,-19.2510881089593,-9.28174769602708,28.5328358049864
91.5000000000016,-17.5770645790374,-10.793975958617,28.3710405376543
91.6000000000016,-14.2404453510561,-13.6617659986401,27.9022113496963
91.7000000000016,-10.3718522875327,-17.3813644815705,27.7532167691031
91.8000000000016,-7.9260748768897,-20.0297722349697,27.9558471118594
91.9000000000016,-6.08500975755052,-21.3632308301195,27.44824058767
92.0000000000016,-3.25047330114751,-21.9117984067219,25.1622717078694
92.1000000000016,1.85901217235934,-23.1326082086244,21.2735960362651
92.2000000000016,6.67129810438706,-25.3279054199526,18.6566073155656
92.3000000000016,8.64928157971286,-27.5246449573345,18.8753633776216
92.4000000000016,9.74493824117987,-28.4882209203189,18.7432826791391
92.5000000000016,10.5415097086575,-27.8227781372684,17.2812684286109
92.6000000000016,12.0238333596801,-26.2458071149467,14.2219737552666
92.7000000000016,14.7937920432611,-25.1186322301143,10.3248401868532
92.8000000000016,17.4326079412962,-25.6242267051735,8.1916187638773
92.9000000000016,19.2778927746296,-26.0508841591696,6.77299138454006
93.0000000000016,19.9227123758752,-24.7614267602395,4.83871438436429
93.1000000000016,20.4104048214017,-22.3399113263356,1.92950650493391
93.2000000000016,21.8329334720599,-19.2928212333946,-2.54011223866532
93.3000000000016,24.7411550655788,-18.8507598725512,-5.89039519302757
93.4000000000016,26.7905288818392,-18.7730791064141,-8.01744977542509
93.5000000000016,26.9201176112919,-17.5085613382261,-9.41155627306586
93.6000000000017,25.7704056791422,-14.7268746245329,-11.0435310546093
93.7000000000017,25.1418104703354,-10.8027212168493,-14.3390892534863
93.8000000000017,26.3898338186252,-8.08361982964854,-18.3062139889767
93.9000000000017,27.286030312213,-6.58323152217373,-20.7027987900393
94.0000000000017,26.8126011056026,-5.10944363784104,-21.7031574677616
94.1000000000017,24.6091580707779,-2.69466613476511,-21.9144919360128
94.2000000000017,21.3777396256601,1.32855234641881,-22.7062919720789
94.3000000000017,19.5702405075272,5.17626583782373,-24.7465063453509
94.4000000000017,19.7755521389974,7.4096086450791,-27.1851607840765
94.5000000000017,19.4562538206501,8.9554398782359,-28.4116936988859
94.6000000000017,18.1678312955334,10.3158619469014,-28.4836932424348
94.7000000000017,15.2447571384004,12.7454733608112,-27.9902304992116
94.8000000000017,11.2088304291536,16.5241560282019,-27.7329864573555
94.9000000000017,8.38130251082149,19.5319086197523,-27.9132111305738
95.0000000000017,6.55483582011897,21.0861272940074,-27.6409631141263
95.1000000000017,3.96962028723732,21.7654239529933,-25.7350442402307
95.2000000000017,-0.281967652906324,22.6192465639601,-22.3372789110537
95.3000000000017,-5.84050907682761,24.7596225252367,-18.919113448409
95.4000000000017,-8.24849125014394,27.0380160099206,-18.7895247597766
95.5000000000017,-9.51888259990105,28.3916421734528,-18.8727595735517
95.6000000000017,-10.31855034834,28.1119182735736,-17.7933679252336
95.7000000000017,-11.4906680754595,26.671891189891,-15.1812231144314
95.8000000000017,-14.0580743354191,25.2548467079528,-11.1967723725337
95.9000000000017,-16.7975952689151,25.3953894678247,-8.59779419890962
96.0000000000017,-18.894383784328,26.0165767054448,-7.12219292111679
96.1000000000017,-19.8006558585954,25.1470618239297,-5.34640596533439
96.2000000000017,-20.2333957879014,23.0963362036868,-2.86294041578546
96.3000000000017,-21.354987641945,19.8954372996443,1.45955034230062
96.4000000000017,-23.9553945417073,18.7723667273513,5.18302781435596
96.5000000000017,-26.533781363848,18.9189056979813,7.61487566586672
96.6000000000017,-27.0017637811778,17.917583674234,9.08418010694384
96.7000000000017,-26.1132411782838,15.546280067217,10.5669611110667
96.8000000000017,-25.0502554291577,11.7588366161184,13.2914188130393
96.9000000000018,-26.0297200541107,8.59489449993382,17.4348255541769
97.0000000000017,-27.1620323834427,6.90012782880625,20.2619045546365
97.1000000000018,-27.0213275583026,5.5056730297286,21.515654528574
97.2000000000018,-25.3404116117803,3.44958512782517,21.8908264839551
97.3000000000018,-22.1460205329475,-0.176018529905735,22.3220390628532
97.4000000000018,-19.5594238088881,-4.4643494751098,24.023773283998
97.5000000000018,-19.7423541599131,-6.92969588068479,26.6720500405978
97.6000000000018,-19.659393595735,-8.63523284283134,28.2946264385664
97.7000000000018,-18.584325587034,-9.95383389160322,28.5381594786373
97.8000000000018,-16.1304406793195,-11.9899567046732,28.1203973839927
97.9000000000018,-12.1774243951523,-15.5877643980713,27.7651887932236
98.0000000000018,-8.96595147718551,-18.874413758183,27.8403652353685
98.1000000000018,-7.02510027588907,-20.8215122121285,27.8466124880176
98.2000000000018,-4.67404925822862,-21.6336730435607,26.3077223017894
98.3000000000018,-1.04729409463229,-22.3133834362583,23.3606775308906
98.4000000000018,4.77981642139651,-24.2549297446047,19.4751133232082
98.5000000000018,7.80942824298684,-26.5206817543163,18.7112535113294
98.6000000000018,9.2766804961657,-28.2025378140878,18.9258573179221
98.7000000000018,10.117379630473,-28.3150481410557,18.1976685105827
98.8000000000018,11.1279863371281,-27.0941968245676,15.9662104874394
98.9000000000018,13.3318843839916,-25.4712282395713,12.1393438555797
99.0000000000018,16.142569723264,-25.2072718604824,9.06470213721846
99.1000000000018,18.5203260222843,-25.9974952046698,7.47716918238548
99.2000000000018,19.6881431046882,-25.546735965201,5.85859286051287
99.3000000000018,20.1390700198866,-23.8003666200656,3.66129660017903
99.4000000000018,20.9522544534439,-20.6912145320759,-0.261039921368011
99.5000000000018,23.1327848611445,-18.728473280758,-4.40431158038654
99.6000000000018,26.0090211284008,-18.9277852178144,-7.08123591058643
99.7000000000018,27.0553655101716,-18.2939536722786,-8.76141183789295
99.8000000000018,26.4477856676798,-16.3400491544571,-10.1077365132227
99.9000000000018,25.1975396336532,-12.7658869769764,-12.4316526566768
100.000000000002,25.6752397178676,-9.22753424057074,-16.4477054772968
100.100000000002,26.9657486836786,-7.25222619377632,-19.7135224899023
100.200000000002,27.1847185827406,-5.87908895063455,-21.3056296321061
100.300000000002,25.8309064689273,-4.00309141961641,-21.8278150493109
100.400000000002,22.9779597788134,-0.892173211964788,-22.0857865668486
100.500000000002,20.0313725591753,3.52550578309721,-23.5568783422724
100.600000000002,19.684824624215,6.38916878726858,-26.0739934114836
100.700000000002,19.7174200515182,8.2447559016282,-27.9621759531464
100.800000000002,18.9650729212142,9.60729192707666,-28.5723648482908
100.900000000002,16.9841748973319,11.2580720170025,-28.2422469143344
101.000000000002,13.1804618736216,14.62919459987,-27.8096564734916
101.100000000002,9.54928340428634,18.2090401640166,-27.758323568303
101.200000000002,7.48515516857878,20.4861873358409,-27.9713425044196
101.300000000002,5.38113391867345,21.4923310247874,-26.8734649434608
101.400000000002,2.22122550519677,22.0778224583189,-24.2990479635156
101.500000000002,-3.34506125871007,23.6641064914858,-20.3190452327758
101.600000000002,-7.27190853508791,25.9134193306054,-18.6415107955175
101.700000000002,-8.98352917259233,27.9117188321711,-18.9281896595788
101.800000000002,-9.92144815682429,28.3856658531065,-18.4642176962822
101.900000000002,-10.7535014210527,27.4980424581376,-16.7445410370848
102.000000000002,-12.591832754792,25.7985269485153,-13.2066941937234
102.100000000002,-15.4572953859216,25.1212733895955,-9.66397800367389
102.200000000002,-18.015023210001,25.8447897793599,-7.82976656935887
102.300000000002,-19.5606198910387,25.9291418070595,-6.36852191602073
102.400000000002,-20.0193878692715,24.3423206345258,-4.32293276525429
102.500000000002,-20.6121885882687,21.5056478526419,-0.89345926437317
102.600000000002,-22.3218958920911,18.7814688482192,3.54042704387183
102.700000000002,-25.4197190319973,18.9007157800589,6.5190032519384
102.800000000002,-27.0205290260756,18.6043669887465,8.41616203732908
102.900000000002,-26.6660246913888,16.9110139147262,9.75501077666259
103.000000000002,-25.4468818983911,13.7818513161741,11.665030582217
103.100000000002,-25.305084551765,9.9205880285063,15.3844965232587
103.200000000002,-26.6874822647496,7.62374338464623,19.0637388801034
103.300000000002,-27.33337691932,6.24575547311853,21.0876214462015
103.400000000002,-26.3091830142746,4.55104038717629,21.7581426270983
103.500000000002,-23.8074464715771,1.85531051981419,21.9521359517629
103.600000000002,-20.6373652510665,-2.48751481434173,23.1248800654082
103.700000000002,-19.6165131431732,-5.81211315998015,25.4286263031534
103.800000000002,-19.7682476007086,-7.85926329436719,27.6275108950758
103.900000000002,-19.2429821587037,-9.2786736777851,28.5216558364888
104.000000000002,-17.5689834815037,-10.7904502699998,28.3594337515035
104.100000000002,-14.233174123535,-13.6575590907066,27.8907332142415
104.200000000002,-10.3661735902321,-17.3761482519713,27.7423218422034
104.300000000002,-7.92204137422226,-20.023673432662,27.9457148068842
104.400000000002,-6.08164201622289,-21.3578958899914,27.4395379062142
104.500000000002,-3.24862954620661,-21.9065218990705,25.155151445277
104.600000000002,1.86298522503542,-23.1276134883027,21.2646282632672
104.700000000002,6.67253690243135,-25.3230098791633,18.650472976732
104.800000000002,8.6497178878074,-27.5198042035891,18.8700863157817
104.900000000002,9.74513940791451,-28.483808750615,18.7386693427004
105.000000000002,10.5422494956528,-27.8186407400479,17.2763912443951
105.100000000002,12.0255479597297,-26.2424905522158,14.2169425924861
105.200000000002,14.7957619508726,-25.116754702124,10.3209927512515
105.300000000002,17.4344076580206,-25.6235235439342,8.1891158859136
105.400000000002,19.2795828430368,-26.0502572309582,6.77067438792139
105.500000000002,19.925404588251,-24.7622206728114,4.83681608456042
105.600000000002,20.4141898276315,-22.3400109918405,1.92582116420899
105.700000000002,21.8376841313104,-19.2937982849871,-2.54388584632331
105.800000000002,24.7461546670183,-18.8527586298399,-5.89339603717833
105.900000000002,26.7954911663372,-18.7750664841917,-8.02042468214545
106.000000000002,26.9252022161011,-17.5102855443704,-9.41491667173077
106.100000000002,25.7759187121566,-14.7282640156584,-11.0476546964982
106.200000000002,25.1483731636229,-10.8038159342671,-14.3445572293558
106.300000000002,26.3967138455351,-8.08491768015439,-18.3117961653808
106.400000000002,27.2928315764098,-6.58443249107376,-20.708399085336
106.500000000002,26.819195067628,-5.11022487332038,-21.7089701943077
106.600000000002,24.6154921691774,-2.69477842809457,-21.9207137410829
106.700000000002,21.3947432859504,1.31647082695865,-22.7112141129091
106.800000000002,19.5805321114287,5.16931946897331,-24.7498515804021
106.900000000002,19.7831516504749,7.40410431211595,-27.1872559625909
107.000000000002,19.4628451790062,8.94955936869404,-28.4124045477003
107.100000000002,18.1733100183599,10.3093574870848,-28.4826675054446
107.200000000002,15.2527435644033,12.7347460693839,-27.9874896337871
107.300000000002,11.212991115171,16.5149899063655,-27.7279810215365
107.400000000002,8.38285897721259,19.523997508743,-27.9068564859555
107.500000000002,6.55701582217888,21.0764614387057,-27.6334772608846
107.600000000002,3.97938468063891,21.7544187506773,-25.7338034313161
107.700000000002,-0.280298603046421,22.6086913281834,-22.3283927251369
107.800000000002,-5.83881344356598,24.7441814268805,-18.9053679833145
107.900000000002,-8.24310230493898,27.0225225881301,-18.779420283191
108.000000000002,-9.51291067350021,28.3759237765818,-18.8630131030816
108.100000000002,-10.3116654281098,28.0962508158378,-17.784585387728
108.200000000002,-11.4821578883884,26.6554379136417,-15.1732800252533
108.300000000002,-14.0474226818598,25.2379248301455,-11.1905021482858
108.400000000002,-16.7863278774677,25.3788916912905,-8.59256381382278
108.500000000002,-18.8825063232563,25.9999770442402,-7.11747072098392
108.600000000002,-19.7898373612693,25.1338169822951,-5.3439796210258
108.700000000002,-20.220890534833,23.0809789347469,-2.86008839991386
108.800000000002,-21.3426063971466,19.8819530615049,1.46065333564179
108.900000000002,-23.9414744174311,18.7588669561086,5.18260746132249
109.000000000002,-26.5202357481897,18.9065900150608,7.61364573312899
109.100000000002,-26.9880886788099,17.9055794264073,9.08250925240269
109.200000000002,-26.1008547897839,15.535342394577,10.5655123952068
109.300000000002,-25.0384891984053,11.748579769305,13.2899094291003
109.400000000002,-26.0203629028984,8.58789297932072,17.4324699235776
109.500000000002,-27.1532966290819,6.89471033170595,20.258586297376
109.600000000002,-27.0117950672822,5.49997650734936,21.5118185599328
109.700000000002,-25.3344218584174,3.44500610241687,21.8894157560005
109.800000000002,-22.1388110696164,-0.182778126756117,22.3215891963726
109.900000000002,-19.5536555544083,-4.46953486582296,24.0231904202313
110.000000000002,-19.7387061724653,-6.93396690595787,26.6726730784232
110.100000000002,-19.6545914566957,-8.63845729374833,28.293048750444
110.200000000002,-18.5804584178669,-9.95908394362455,28.5395423614914
110.300000000002,-16.127535475449,-11.9959558418611,28.12349131731
110.400000000002,-12.1749777831902,-15.5958899728328,27.7708677560231
110.500000000002,-8.96417315089714,-18.8813653475633,27.8455384984604
110.600000000002,-7.0252972180403,-20.831266935499,27.8565641535393
110.700000000002,-4.66844030641403,-21.6429403739917,26.3113806804057
110.800000000002,-1.05106277543495,-22.3187526883962,23.3698154638311
110.900000000002,4.77357363559097,-24.2618061661973,19.4882325306063
111.000000000002,7.81091923351042,-26.5296326649752,18.7187134314648
111.100000000002,9.2791388965328,-28.2120753029683,18.9329364064355
111.200000000002,10.1202616003764,-28.324100473199,18.2038388728226
111.300000000002,11.1314859284273,-27.1036524625212,15.9721665340938
111.400000000002,13.3363932988304,-25.4810092053685,12.144615906538
111.500000000002,16.1479090879366,-25.2161239157727,9.06821482783614
111.600000000002,18.5265374425086,-26.0070422557756,7.480504813267
111.700000000002,19.6949297724478,-25.558040814104,5.86311104165632
111.800000000002,20.1446671748019,-23.8083760644148,3.66370888961293
111.900000000002,20.9576964979865,-20.698956525046,-0.258739972940494
112.000000000002,23.138164866506,-18.7347967904739,-4.40336807603211
112.100000000002,26.0142659086156,-18.9334192104849,-7.08084669813071
112.200000000002,27.0603644938937,-18.299169496228,-8.76119499766571
112.300000000002,26.4525516158902,-16.3454124331668,-10.1071391827234
112.400000000002,25.201090549126,-12.7707125737653,-12.4303779753606
112.500000000002,25.6777817437183,-9.23069785320742,-16.4470838905109
112.600000000002,26.9680973749459,-7.25453483452224,-19.7135625404236
112.700000000002,27.1868909131985,-5.8814111933318,-21.3054797198667
112.800000000002,25.8316902705798,-4.00499086641493,-21.8266994041649
112.900000000002,22.9795136112815,-0.895066202832339,-22.0844474084492
113.000000000002,20.0297583503236,3.52609359572908,-23.5558519460527
113.100000000002,19.6843308354031,6.38867633609006,-26.0730071714932
113.200000000002,19.7171728426088,8.24428606536528,-27.9614589079741
113.300000000002,18.964587070348,9.60670707717384,-28.5712941475218
113.400000000002,16.9842119146066,11.2568839986399,-28.2410959132466
113.500000000002,13.1797722089946,14.627982944717,-27.8077551537116
113.600000000002,9.54971099078783,18.2073823553671,-27.7570933461549
113.700000000002,7.48473344519873,20.4850713820063,-27.969804827205
113.800000000002,5.38056592170115,21.4906954777783,-26.8712613994794
113.900000000002,2.22107546571322,22.0767228790981,-24.2977983448113
114.000000000002,-3.36058347641067,23.6699276150679,-20.3093441386573
114.100000000002,-7.28073671262035,25.9184470593891,-18.6377103467688
114.200000000002,-8.98981943717612,27.916039896919,-18.9262204597429
114.300000000002,-9.92704790383917,28.3898238247492,-18.46277592091
114.400000000002,-10.7596797225594,27.5023618837014,-16.742682161142
114.500000000002,-12.5999734877352,25.8041578604999,-13.2041843727647
114.600000000002,-15.4655668143914,25.1285118805268,-9.66294506613551
114.700000000002,-18.0232445597665,25.8527340180896,-7.82948945832307
114.800000000002,-19.5697114244736,25.9382885385256,-6.36857711405203
114.900000000002,-20.0293993319235,24.3522476441616,-4.32284831223807
115.000000000002,-20.623423489457,21.5145799643611,-0.89115647490412
115.100000000002,-22.334773459798,18.7902837461937,3.54448971360428
115.200000000002,-25.4326900823988,18.9095865055457,6.52310357685319
115.300000000002,-27.0335211503248,18.6128054403329,8.42071570999198
115.400000000002,-26.6788115722877,16.9187290034935,9.76008256879414
115.500000000002,-25.4598818847433,13.7886045275021,11.6712773572412
115.600000000002,-25.3183556063429,9.92615473277032,15.3922008735726
115.700000000002,-26.7004674425389,7.62833731725047,19.0721301252885
115.800000000002,-27.3458395432965,6.24965098406167,21.0961885592349
115.900000000002,-26.3205764760743,4.55407652618366,21.7664999498906
116.000000000002,-23.818926518184,1.85844385018928,21.9604826679947
116.100000000002,-20.6473954846426,-2.48635947817218,23.1337549628147
116.200000000002,-19.6257566496307,-5.81217161845177,25.4379282680824
116.300000000002,-19.7765574544192,-7.85963297737054,27.6361904317897
116.400000000002,-19.2515586051993,-9.27922142284353,28.5307800280428
116.500000000002,-17.5767409988452,-10.7905800908177,28.3673210896629
116.600000000002,-14.2401306351517,-13.6579193356992,27.8980499708509
116.700000000002,-10.3713512064434,-17.3772938221751,27.7486450286185
116.800000000002,-7.92581758696412,-20.0248556252275,27.9506732121916
116.900000000002,-6.0854458689128,-21.3598931622326,27.4453390311455
117.000000000002,-3.25953079229782,-21.9071300263434,25.1666608186413
117.100000000002,1.85774282615641,-23.1273009274773,21.2695581013209
117.200000000002,6.66963506366751,-25.321658621828,18.6520235581605
117.300000000002,8.64755043445354,-27.5185256940874,18.8709752596339
117.400000000002,9.7429991982611,-28.4824034572896,18.7394042590286
117.500000000002,10.5394859758389,-27.8167441126248,17.2772581367859
117.600000000002,12.0213557510578,-26.2397591086704,14.2184033576127
117.700000000002,14.7908746694118,-25.112985612627,10.3221109432153
117.800000000002,17.4295935339974,-25.6189530512138,8.18935951721641
117.900000000002,19.2744795716018,-26.0454355187469,6.77095594714511
118.000000000002,19.9199196637134,-24.7573562843573,4.83743662064394
118.100000000002,20.4076419269377,-22.3351588863539,1.92751695941622
118.200000000002,21.8301309341487,-19.2887394911266,-2.54139144302201
118.300000000002,24.7381131129796,-18.8471181977581,-5.89099491522146
118.400000000002,26.787479706224,-18.7697046801736,-8.01777502605043
118.500000000002,26.9172936243314,-17.5054037812033,-9.41188984312805
118.600000000002,25.7679883003177,-14.7237097593299,-11.0442785409878
118.700000000002,25.140271073686,-10.8001889444716,-14.3400821292143
118.800000000002,26.3886634419477,-8.08197788041554,-18.3066855615321
118.900000000002,27.2850318541589,-6.58189325583197,-20.7031385983269
119.000000000002,26.8122797744399,-5.10836783314138,-21.7039119412986
119.100000000002,24.6084691396007,-2.69284455777013,-21.9156245818306
119.200000000002,21.3801218860423,1.3271051004144,-22.7072269864567
119.300000000002,19.5711112065982,5.17585487380457,-24.7469660804028
119.400000000002,19.7762482750082,7.4093663017612,-27.1856145767694
119.500000000002,19.4569164858659,8.95524986268158,-28.4121663485475
119.600000000002,18.1687346429164,10.3153779966154,-28.4841126395318
119.700000000002,15.2449045079012,12.7454737001585,-27.9903782080596
119.800000000002,11.2093143871282,16.5237395256361,-27.7330539127642
119.900000000002,8.38173214165657,19.5313380784946,-27.9130702201512
120.000000000002,6.55504617644597,21.0858904935152,-27.6409366699611
120.100000000002,3.96893001551592,21.7650944699584,-25.7340244854742
120.200000000002,-0.281037926736079,22.6188941051139,-22.3378561783778
120.300000000002,-5.8455436175569,24.7583297022839,-18.912786084727
120.400000000002,-8.24818531552085,27.0371683143425,-18.7889829988216
120.500000000002,-9.51834554548395,28.3902175007884,-18.8718719553044
120.600000000002,-10.317931813517,28.1111365697148,-17.7932047561978
120.700000000002,-11.4901719193939,26.6706625826825,-15.1804906632887
120.800000000002,-14.0572412528523,25.2538257202294,-11.196584467377
120.900000000002,-16.796754738907,25.3943046465764,-8.59754990766944
121.000000000002,-18.8934439475187,26.0153510035745,-7.12190705605573
121.100000000002,-19.8003471177408,25.1474274820372,-5.34708036429637
121.200000000002,-20.2323211819847,23.0953432623466,-2.86302208036188
121.300000000002,-21.3537309436453,19.894131724809,1.45959921883634
121.400000000002,-23.9538544143406,18.7709870875684,5.18286732677215
121.500000000002,-26.532441052905,18.9177408173513,7.61470023555365
121.600000000002,-27.0002522208314,17.9163498805595,9.08390234027197
121.700000000002,-26.1118986363433,15.5452152021257,10.5666834342175
121.800000000002,-25.0488411124143,11.7577912274817,13.2910498849324
121.900000000002,-26.0286071055933,8.59416894735897,17.4344381582343
122.000000000002,-27.1609860637709,6.89956609991414,20.2614199638568
122.100000000002,-27.0199141594829,5.50499349357809,21.5149206659047
122.200000000002,-25.3393087842056,3.44892117499819,21.8903876092073
122.300000000002,-22.1456899890191,-0.176048174512237,22.3217381635314
122.400000000002,-19.5587120932204,-4.46427072777793,24.0229828209983
122.500000000002,-19.7417583489338,-6.92959265965238,26.6713510085862
122.600000000002,-19.6587324018172,-8.63502457388135,28.2937569756985
122.700000000002,-18.5837223632315,-9.95366840089958,28.5373907641311
122.800000000002,-16.1299218764118,-11.9897240213495,28.1196458977613
122.900000000002,-12.1769905086172,-15.5875252031445,27.7645157117617
123.000000000002,-8.96560018399037,-18.8740980143134,27.8396981983038
123.100000000002,-7.02488307884755,-20.8212795532532,27.8461626321008
123.200000000003,-4.67354265734944,-21.6333799354922,26.3069225928416
123.300000000002,-1.04732329923234,-22.3129797538269,23.3603030530593
123.400000000003,4.78055221785219,-24.2547786342034,19.4742264163511
123.500000000003,7.80932769479749,-26.5200161407797,18.7106884459822
123.600000000003,9.27675502979799,-28.2021914016073,18.9254363718092
123.700000000003,10.1173448521247,-28.3143955213663,18.1970506692416
123.800000000003,11.1280276136119,-27.0937855566504,15.9657579430385
123.900000000003,13.3321351961061,-25.4712292185817,12.1390940224756
124.000000000003,16.1429415975172,-25.2070122400077,9.06407064249052
124.100000000003,18.52136850566,-25.9983819483886,7.47701344272863
124.200000000003,19.6897487730379,-25.5497319751464,5.85998320210863
124.300000000003,20.1396650247175,-23.8001282142502,3.66046318953269
124.400000000003,20.9531104391041,-20.6915549745683,-0.26155546453574
124.500000000003,23.1338520485637,-18.7290697076384,-4.40478234092523
124.600000000003,26.0097635767155,-18.9282124819501,-7.08155109476533
124.700000000003,27.0560773129969,-18.2943353491805,-8.76174196381644
124.800000000003,26.4485730662605,-16.3405476803036,-10.1080253859569
124.900000000003,25.1982130254766,-12.7661980360925,-12.4320149893841
125.000000000003,25.6760352468906,-9.22772671024384,-16.4483085366468
125.100000000003,26.9665708620966,-7.25241747815685,-19.7141533839398
125.200000000003,27.185592438877,-5.87933884016967,-21.3062535987074
125.300000000003,25.8316828901116,-4.00325703309715,-21.8284258570144
125.400000000003,22.9786923295664,-0.892232490459237,-22.0864598391072
125.500000000003,20.0331450311125,3.5238208163573,-23.5569658474698
125.600000000002,19.6863079631448,6.38799352185485,-26.0743014849997
125.700000000002,19.7188935539861,8.24384032323949,-27.9627338772256
125.800000000002,18.9658948843018,9.60622968820308,-28.5721245725049
125.900000000002,16.9858825420881,11.2558532344151,-28.2417357765032
126.000000000002,13.1806793634661,14.6271030422015,-27.8077824056676
126.100000000002,9.55082048307397,18.2064288455812,-27.7572493286551
126.200000000002,7.48510305458583,20.4844679495432,-27.969571004129
126.300000000002,5.38099996869087,21.4897786155272,-26.870778584218
126.400000000002,2.22191672368618,22.0757879212986,-24.2977046449847
126.500000000002,-3.35969679554175,23.6687661305257,-20.309069334984
126.600000000002,-7.27997440702304,25.917401103566,-18.6374266965429
126.700000000002,-8.98914729679531,27.9149131395507,-18.9257658427554
126.800000000002,-9.92632511525743,28.3886535528868,-18.4623284376294
126.900000000002,-10.7588624426204,27.5010974446645,-16.7422350020441
127.000000000002,-12.5987905994462,25.8027952039564,-13.2040046045102
127.100000000002,-15.4642112209093,25.1268999075551,-9.66268868664585
127.200000000002,-18.0219065527963,25.8511335065742,-7.82922695377777
127.300000000002,-19.568197173183,25.9364608063386,-6.36826363315566
127.400000000002,-20.027775251685,24.3502783492928,-4.32250309760777
127.500000000002,-20.6217503340618,21.5128634688249,-0.891113134763042
127.600000000002,-22.3328976689001,18.7887812326347,3.54411643626546
127.700000000002,-25.4303740292078,18.9077165749167,6.52265745429109
127.800000000002,-27.0306076290116,18.6106222161584,8.41998541285325
127.900000000002,-26.6766626149131,16.9170633742324,9.75959924068064
128.000000000002,-25.4577124667556,13.7874315336647,11.6702809330909
128.100000000002,-25.3163390196059,9.92484523996596,15.3914937796399
128.200000000002,-26.6987191852062,7.62740080227095,19.0713183829353
128.300000000002,-27.3443745718467,6.24895889828002,21.0954156735667
128.400000000002,-26.3193741705548,4.55363891084916,21.7657352597057
128.500000000002,-23.817380586385,1.8575972369013,21.9597833494837
128.600000000002,-20.6460728903453,-2.48702763452386,23.1331005248692
128.700000000002,-19.6240625288327,-5.81269323335578,25.4367557621885
128.800000000002,-19.7753662596813,-7.860219178096,27.6355854377773
128.900000000002,-19.2498356355791,-9.27964685064196,28.5294824862211
129.000000000002,-17.5755590963284,-10.7913137251448,28.3668728214732
129.100000000002,-14.2391695781663,-13.6585787790594,27.8977483572256
129.200000000002,-10.3705825014243,-17.3779580936767,27.748540595101
129.300000000002,-7.92520777937954,-20.0257609293241,27.9509687087036
129.400000000002,-6.08465583337757,-21.3601319113097,27.4447877446872
129.500000000002,-3.25494954804043,-21.9079185638584,25.1628681118988
129.600000000002,1.85763716107906,-23.1287279872069,21.2710908261279
129.700000000002,6.66944844351335,-25.322679350193,18.6532309066796
129.800000000002,8.64763734390666,-27.5196389530619,18.8720016091553
129.900000000002,9.74325685377133,-28.4833304560261,18.7400736022548
130.000000000002,10.5398754138239,-27.8180313979465,17.2781559841225
130.100000000002,12.0221603932525,-26.2412244248248,14.2190640315724
130.200000000002,14.7918412502299,-25.1143866587407,10.3225454085109
130.300000000002,17.4305535402541,-25.6203862122154,8.18983267196132
130.400000000002,19.2757891975168,-26.0472023503156,6.77141315279884
130.500000000002,19.920755989741,-24.7582275870564,4.8374715973154
130.600000000002,20.4086391223571,-22.3365085551683,1.92786943281122
130.700000000002,21.8312785931678,-19.2899753398166,-2.5413032533512
130.800000000002,24.7394609979416,-18.8484434521082,-5.89101754583333
130.900000000002,26.7888305852258,-18.7709402297137,-8.01789035551209
131.000000000002,26.9185674614706,-17.5065212047069,-9.41204625676367
131.100000000002,25.7691545638694,-14.7248524575487,-11.0443021063208
131.200000000002,25.1412402432508,-10.8010668742313,-14.3401733690196
131.300000000002,26.3895466996089,-8.08258232320425,-18.3069643764047
131.400000000002,27.2858641543545,-6.58241342165368,-20.7034507327009
131.500000000002,26.8126121392407,-5.10856838592954,-21.7040437533112
131.600000000002,24.6091668919827,-2.69345353209005,-21.9157133598926
131.700000000002,21.379396089144,1.32795408966514,-22.7073501788091
131.800000000002,19.5713558021247,5.17634833304779,-24.7477041351724
131.900000000002,19.7765034732796,7.40978234325062,-27.1862858165302
132.000000000002,19.4571167980402,8.9556661816078,-28.412782979648
132.100000000002,18.1688705305956,10.315988912183,-28.4848594427787
132.200000000002,15.2451901307805,12.746088094419,-27.9912782251995
132.300000000002,11.2094901247313,16.5245231418604,-27.7340132665917
132.400000000002,8.38187510726268,19.5321849628021,-27.9140600700648
132.500000000002,6.55519657297019,21.0866534514119,-27.6418500243821
132.600000000002,3.96911750880437,21.7659255739106,-25.735043082715
132.700000000002,-0.27994976065007,22.6187955395926,-22.3388457789425
132.800000000002,-5.83908097092108,24.7597038785015,-18.9206229075804
132.900000000002,-8.24800119250317,27.0381268647484,-18.7901256722453
133.000000000002,-9.51852209027991,28.3917565429782,-18.8732344526982
133.100000000002,-10.3181732843144,28.1120088318545,-17.7938355475401
133.200000000002,-11.490141370653,26.6718889967459,-15.1817476260929
133.300000000002,-14.0574202292161,25.2546410161958,-11.1972207869798
133.400000000002,-16.7969784695307,25.3948890984999,-8.59791062896917
133.500000000002,-18.8938282254653,26.0162607120788,-7.12243248661354
133.600000000002,-19.7994552683673,25.1454029028997,-5.34594763453231
133.700000000002,-20.2325455861315,23.0956284955458,-2.86308290941431
133.800000000002,-21.354110870718,19.8953639687248,1.45874690199316
133.900000000002,-23.9542673347311,18.771763435308,5.18250389942308
134.000000000002,-26.532688993454,18.9183145125063,7.61437448094772
134.100000000002,-27.000672315835,17.9170425370504,9.08362977878463
134.200000000002,-26.1121162557141,15.5458097847401,10.566306470974
134.300000000002,-25.0490170283791,11.7584592009185,13.2905578274607
134.400000000002,-26.028424538488,8.59454126784355,17.4338832706444
134.500000000002,-27.1607620119356,6.89981652905857,20.260945482877
134.600000000002,-27.0200882590491,5.50541454426032,21.5146737147888
134.700000000001,-25.3392207020286,3.44940125857491,21.8898194434537
134.800000000001,-22.1448858094296,-0.176059295257389,22.320945104687
134.900000000001,-19.5583853361058,-4.46423410520065,24.0226194413065
135.000000000001,-19.7413888112563,-6.92951536236141,26.6709041736177
135.100000000001,-19.6584860378029,-8.63502008293127,28.2935061207342
135.200000000001,-18.5834485059512,-9.95360803598666,28.5370565419378
135.300000000001,-16.1296031809884,-11.9897065568947,28.1193097378831
135.400000000001,-12.1767425486182,-15.587422867727,27.7641654163452
135.500000000001,-8.96545905840382,-18.8739915005638,27.8394505589676
135.600000000001,-7.02471258786861,-20.8210733675517,27.8457859554203
135.700000000001,-4.673413560184,-21.6332605542046,26.3066741143885
135.800000000001,-1.04709464440334,-22.3129579538547,23.3600525982581
135.900000000001,4.78059003719374,-24.254732092486,19.4741420552923
136.000000000001,7.80947654317645,-26.5195623966596,18.7100858534831
136.100000000001,9.277020878828,-28.2021185617286,18.9250976829006
136.200000000001,10.1174482630915,-28.3137676357367,18.1963193726452
136.300000000001,11.128014545458,-27.0934983520597,15.9654838066016
136.400000000001,13.3323457282303,-25.4711176136934,12.1387718854631
136.500000000001,16.1431541269997,-25.2068633401612,9.06370921316143
136.600000000001,18.5216908739836,-25.9985058097135,7.47681493572986
136.700000000001,19.6903462612785,-25.5505306583731,5.86018439709449
136.800000000001,20.1399553257446,-23.8000915286765,3.66013620293187
136.900000000001,20.953568077323,-20.6916516225887,-0.261916454734292
137.000000000001,23.133653550247,-18.7286346463076,-4.40501890393934
137.100000000001,26.0098151599157,-18.9279863101364,-7.08182884977935
137.200000000001,27.056152485688,-18.2941305621582,-8.76202192352974
137.300000000001,26.4486241488696,-16.3401708341336,-10.108453314736
137.400000000001,25.1985604318988,-12.7659270217021,-12.4326334101966
137.500000000001,25.6764541764637,-9.22765612518187,-16.4487980512819
137.600000000001,26.9669700152376,-7.25238592307659,-19.714584092161
137.700000000001,27.1859333912662,-5.87920753213088,-21.3067258591354
137.800000000001,25.8320959566947,-4.00310307735984,-21.8289928793349
137.900000000001,22.9791249198667,-0.89201240810564,-22.0871125117611
138.000000000001,20.0327059524754,3.52552762313227,-23.5582335756076
138.100000000001,19.6859986995127,6.38931967706429,-26.075318376577
138.200000000001,19.7185028544955,8.24495564411409,-27.9634584986096
138.300000000001,18.9661027698575,9.60751285495873,-28.5736156248163
138.400000000001,16.9851705007593,11.2583070705974,-28.2434775713567
138.500000000001,13.1810657929405,14.6294316699186,-27.8104974628591
138.600000000001,9.55015799929526,18.2092150509803,-27.7593730502756
138.700000000001,7.48549867390308,20.4866389383868,-27.9721376122899
138.800000000001,5.3814824984942,21.4926049586357,-26.8740874571299
138.900000000001,2.22175882717528,22.0781911364277,-24.299949963603
139.000000000001,-3.3615224927065,23.6731068792057,-20.3115843864992
139.100000000001,-7.28076485246346,25.9198347861055,-18.639069933642
139.200000000001,-8.98992221876867,27.9174135739922,-18.9274913552236
139.300000000001,-9.92717518676323,28.3911660044307,-18.4639908176675
139.400000000001,-10.7596049393526,27.5036246121926,-16.7440196728399
139.500000000001,-12.5996956880788,25.8051121658919,-13.2054164778132
139.600000000001,-15.4654120356411,25.1292185862754,-9.66380655063427
139.700000000001,-18.0231290316979,25.8532305970879,-7.83010156539006
139.800000000001,-19.5690233378519,25.9376639466565,-6.36864060880463
139.900000000001,-20.0288397611837,24.3518335461928,-4.32299378500912
140.000000000001,-20.6229215416422,21.5146048834338,-0.89168334179151
140.100000000001,-22.3339325285974,18.7902379999327,3.54369452866469
140.200000000001,-25.431695584633,18.9092542328672,6.52244135176574
140.300000000001,-27.0324349230171,18.6124092383846,8.42002568463248
140.400000000001,-26.6778163316959,16.9184654359101,9.75935089578579
140.500000000001,-25.4587460039548,13.7884978775248,11.6702481264301
140.600000000001,-25.316925243465,9.92590133338914,15.3910239100758
140.700000000001,-26.6991157698504,7.62808647441034,19.0710292954401
140.800000000001,-27.3445786253363,6.2494825482182,21.095096077118
140.900000000001,-26.3194524458893,4.55415776791417,21.7652946779751
141.000000000001,-23.8176169773545,1.85854635844359,21.9590706189109
141.100000000001,-20.6464057786126,-2.48573494422939,23.1321407228419
141.200000000001,-19.6243444086601,-5.81159339852081,25.4359378071809
141.300000000001,-19.7752780058006,-7.85904086621327,27.6343188720139
141.400000000001,-19.2502381645973,-9.27850814605782,28.5287463106551
141.500000000001,-17.5755484644068,-10.7897666518548,28.3653151162616
141.600000000001,-14.2391309375718,-13.6568508993861,27.8959818369579
141.700000000001,-10.3705208568131,-17.3760949630146,27.7466158198277
141.800000000001,-7.92517064418164,-20.0236274183881,27.9487980625698
141.900000000001,-6.08486831178141,-21.3585674935992,27.4434358053806
142.000000000001,-3.25838315031515,-21.905810640228,25.1641937905432
142.100000000001,1.85800409428934,-23.126043690744,21.2680395964547
142.200000000001,6.6692613661509,-25.320562303718,18.6513009375672
142.300000000001,8.64719746008972,-27.5173627696949,18.8701653096052
142.400000000001,9.74268903586434,-28.4810296542016,18.7383406183373
142.500000000001,10.5391761716099,-27.8157895949702,17.2766134233603
142.600000000001,12.0213267333977,-26.238976322761,14.2176495893632
142.700000000001,14.7908158249817,-25.1121427803535,10.3213269553719
142.800000000001,17.4294171147129,-25.6183909707061,8.18897385599312
142.900000000001,19.2746940963799,-26.0453518352893,6.7706577389094
143.000000000001,19.9196171900251,-24.7564210994277,4.83680390940255
143.100000000001,20.4076018616599,-22.334726006955,1.9271241452951
143.200000000001,21.8302896849301,-19.2884697288717,-2.54181995605851
143.300000000001,24.7386413304056,-18.847404283228,-5.89123704717749
143.400000000001,26.7880180569736,-18.7699758370544,-8.0180422199192
143.500000000001,26.9177965082823,-17.5055560068783,-9.41224050140396
143.600000000001,25.7684953529282,-14.72397991928,-11.0445154336482
143.700000000001,25.1408788401456,-10.8002939839041,-14.3405848562415
143.8,26.3893214353437,-8.08207461530277,-18.3072468200409
143.9,27.2857102640681,-6.58203812812381,-20.7036721359442
144,26.812402607421,-5.10808078505268,-21.7043218223684
144.1,24.6090054650846,-2.69281270963759,-21.916192755447
144.2,21.3824267077475,1.32514062764818,-22.7075673353956
144.3,19.5730201619381,5.17454621346489,-24.7475663754029
144.4,19.7774795309182,7.40826759191293,-27.1857471228311
144.5,19.457889743888,8.95405535088701,-28.411945094775
144.6,18.1690020872454,10.3144630338344,-28.4834651210797
144.7,15.2467825307424,12.7428835140483,-27.9896660447906
144.8,11.2097461296224,16.5221313891425,-27.7318775187649
144.9,8.38163012877202,19.5302035309901,-27.9118336597621
145,6.55533413751843,21.0838900139313,-27.6392241514497
145.1,3.97174271340075,21.7629201049665,-25.7346628183672
145.2,-0.281479573703155,22.6167605566873,-22.3352809829842
145.3,-5.83934620214711,24.7562156019595,-18.9168693998124
145.4,-8.24743752474383,27.0343469698022,-18.7869094450583
145.5,-9.51744696846806,28.3873378601677,-18.8698908916997
145.6,-10.3169340459585,28.1083816109888,-17.7914475650303
145.7,-11.489083513345,26.6677991949447,-15.1787156815997
145.8,-14.0558693378882,25.2510687558553,-11.1951994179671
145.9,-16.7952467513179,25.3917410399681,-8.59649428865018
146,-18.8917653165421,26.0127144957652,-7.12094917922315
146.1,-19.7990388670574,25.1456089148106,-5.34657004775308
146.2,-20.2307533891651,23.0930441894467,-2.8622908002816
146.3,-21.3531320809062,19.8935039865356,1.45962809437063
146.4,-23.9520597927611,18.7689097175204,5.18315007524072
146.5,-26.5308521429942,18.9159733622947,7.61487878069959
146.6,-26.9984007819106,17.914398974721,9.08400180718964
146.7,-26.1106280773015,15.5437155053068,10.5669125719947
146.8,-25.0476322778521,11.7561952020132,13.2914370758389
146.9,-26.0278861081713,8.59315013413848,17.4347359740328
147,-27.1603579074498,6.8988074840236,20.2615504234263
147.1,-27.0192890676977,5.50421087201015,21.5150781956875
147.2,-25.3396182323173,3.44857122125347,21.8910470110639
147.3,-22.1443502722203,-0.178131975741247,22.3224822479615
147.4,-19.5576380902141,-4.46633499032368,24.0239730805378
147.5,-19.7414090778235,-6.93126179616233,26.6726708739858
147.6,-19.6581049115291,-8.63645253880326,28.2945574503324
147.7,-18.5833845756145,-9.9557538643003,28.5391384399148
147.8,-16.1298119098469,-11.9921339508037,28.1219458606506
147.9,-12.1768660888348,-15.5906836089579,27.7675496977927
148,-8.96554058857451,-18.8770169594897,27.8425575480642
148.1,-7.02525720873724,-20.8248955535166,27.8501527622538
148.2,-4.67250885982032,-21.6369198873876,26.309428747208
148.3,-1.04768269945818,-22.316150247214,23.3638329466722
148.4,4.78408984775917,-24.2593244295922,19.4752345818331
148.5,7.81017339218391,-26.5237877986329,18.713614406449
148.6,9.27785531289969,-28.2060693578835,18.9282140449839
148.7,10.1186000022685,-28.3181693235799,18.1995693213113
148.8,11.1294970162881,-27.0976405172597,15.9681435009716
148.9,13.3339633539687,-25.4751270862561,12.1411637322874
149,16.1450381409147,-25.210635001737,9.06559686082231
149.1,18.5235884300161,-26.0019250677164,7.47833663770037
149.2,19.6919804938443,-25.553198992391,5.86121849854677
149.3,20.1418110924742,-23.8034407127826,3.66162962030842
149.4,20.9551556680746,-20.6945759577994,-0.260579710275173
149.5,23.1355980328932,-18.7312727444823,-4.40432528841081
149.6,26.0116555347287,-18.9302691066049,-7.08138642812378
149.7,27.0579202410589,-18.2962713063055,-8.76164893475342
149.8,26.450225230673,-16.3423358641377,-10.1078893665353
149.9,25.1996070770339,-12.7679416721416,-12.4316654048923
150,25.6769482598521,-9.22895421491001,-16.4479940449421
150.1,26.9673637989638,-7.25329396450769,-19.7140698344561
150.2,27.1863208140727,-5.8801442869032,-21.3061765271695
150.3,25.8318765764869,-4.00391402275503,-21.8279625537319
150.4,22.9792048452643,-0.893365361320771,-22.0858394839436
150.5,20.0328033701715,3.52359092210348,-23.556394292275
150.6,19.6857924518233,6.38776559287611,-26.0735580446994
150.7,19.718317813068,8.2434654886434,-27.9617833017114
150.8,18.965600081108,9.60581099091832,-28.5714110720263
150.9,16.9852218968797,11.2557324362655,-28.2409543331453
151,13.1806903768839,14.6265954197513,-27.8072857966351
151.1,9.55019817194012,18.2061420751314,-27.7563402470715
151.2,7.48504755503157,20.4838423577303,-27.9688899127619
151.3,5.38104048763444,21.4893027966288,-26.8703432842632
151.4,2.22198362248131,22.0749789708612,-24.2969625933426
151.5,-3.35936562458176,23.6677587739072,-20.3083931493255
151.6,-7.27978839635373,25.9162607607591,-18.6364723644053
151.7,-8.98890951112094,27.913861448216,-18.9249519370951
151.8,-9.92606551517456,28.3876371825388,-18.4615716673642
151.9,-10.7585389099045,27.5001372789394,-16.7415983690349
152,-12.5984969728547,25.8018143366178,-13.203317363763
152.1,-15.4639068887972,25.126102353332,-9.66219546453472
152.2,-18.0215468918467,25.8503835655617,-7.82883667371499
152.3,-19.5679606269353,25.9359767002407,-6.36801607330535
152.4,-20.0275710256674,24.3499590581097,-4.32238803244231
152.5,-20.6214700003925,21.5123628825074,-0.890892882114924
152.6,-22.3327455329145,18.7883122594979,3.54443327341655
152.7,-25.4306481004583,18.9077592900716,6.52288881038671
152.799999999999,-27.0314952229487,18.6110924553979,8.42040276755083
152.899999999999,-26.6768665368355,16.9171120046387,9.75975453219682
152.999999999999,-25.458061552622,13.7870981572953,11.6709633953266
153.099999999999,-25.3167879494311,9.92499973877003,15.3917882106611
153.199999999999,-26.6989779265045,7.62747855268443,19.07149937382
153.299999999999,-27.3444205575967,6.24890660337925,21.0955139542174
153.399999999999,-26.3196711212363,4.55360643962061,21.7660646816157
153.499999999999,-23.8176846294976,1.85744378173991,21.9602408477577
153.599999999999,-20.6460209956704,-2.48759680885286,23.1336178045234
153.699999999999,-19.6248436718198,-5.8131014427592,25.4379451145789
153.799999999999,-19.7759590628253,-7.86058103882142,27.6365401016467
153.899999999999,-19.2505853970329,-9.28015730036367,28.5307426973964
153.999999999999,-17.5761303609245,-10.7918879487366,28.368018309661
154.099999999999,-14.2395876470199,-13.6593950934102,27.89898274043
154.199999999999,-10.3709914179572,-17.3788059196343,27.7497973375915
154.299999999999,-7.925560433711,-20.0265685937066,27.9521290274176
154.399999999999,-6.08498935049735,-21.3611176890286,27.4461070395259
154.499999999999,-3.25595862178672,-21.908892397691,25.1648510194778
154.599999999999,1.85805364932236,-23.1298580952728,21.2718044459504
154.699999999999,6.66962960166495,-25.3242884486821,18.6546588470172
154.799999999999,8.64772823148948,-27.5208690644616,18.8731408329721
154.899999999999,9.74354843758462,-28.4842293183731,18.7406808807885
154.999999999999,10.5401634197872,-27.8195312889002,17.279367869113
155.099999999999,12.0224601252971,-26.2426171855675,14.2201570602704
155.199999999999,14.7922473053069,-25.1148091667636,10.3225618614568
155.299999999999,17.4307494826642,-25.6213276288213,8.19057814615704
155.399999999999,19.2772313579724,-26.0494492450466,6.77221788707422
155.499999999999,19.9200059451139,-24.7563088171244,4.83630287201051
155.599999999999,20.4082517062753,-22.3373005705425,1.92904886426716
155.699999999999,21.8312516705909,-19.2907863646659,-2.54046530592492
155.799999999999,24.7394127493458,-18.8488091207739,-5.89060362857195
155.899999999999,26.7888215545123,-18.7712874134363,-8.017534141076
155.999999999999,26.9185494518767,-17.5069173044622,-9.41163214741441
156.099999999999,25.7690496440064,-14.7252021089804,-11.043847535026
156.199999999999,25.1408777910294,-10.8014121723254,-14.339465618704
156.299999999999,26.3890774046568,-8.0827643303726,-18.3063130742842
156.399999999999,27.2853564910891,-6.5825181146219,-20.7028383764671
156.499999999999,26.812196794218,-5.1088013241061,-21.7033954701119
156.599999999999,24.6086570402165,-2.69373054368937,-21.9149264965271
156.699999999999,21.3791325048124,1.32718551584859,-22.7063180206609
156.799999999999,19.5705060108851,5.17575946706596,-24.746265477951
156.899999999999,19.7757363602413,7.40922081523874,-27.1849571754801
156.999999999999,19.4564560508294,8.95506625101823,-28.4115223018476
157.099999999999,18.1683091933573,10.3151587434155,-28.4834679367728
157.199999999999,15.2445317141435,12.745190744191,-27.9897224583345
157.299999999999,11.2091653126077,16.5233127090491,-27.7324780216567
157.399999999999,8.38169824607689,19.5307440189473,-27.9124422650242
157.499999999999,6.55489517251593,21.0856108204337,-27.6405059929497
157.599999999999,3.96812687911498,21.7647338466098,-25.7328607257249
157.699999999999,-0.261421525150323,22.6099393968226,-22.3485178716723
157.799999999999,-5.83314240251096,24.7511898081241,-18.9180474056131
157.899999999999,-8.24083566017834,27.0312450084914,-18.7904093483131
157.999999999999,-9.51257318662105,28.3851135080586,-18.8725403214375
158.099999999999,-10.3122053303312,28.1055154208824,-17.7933100905512
158.199999999999,-11.4829907727954,26.6647467366517,-15.1817559638563
158.299999999999,-14.0488328843564,25.246240584229,-11.1974076998726
158.399999999999,-16.7884123782342,25.3856449101078,-8.59723253187364
158.499999999999,-18.885128955454,26.0068920794811,-7.12176312402707
158.599999999999,-19.7901287982384,25.1357726112112,-5.34564381297279
158.699999999999,-20.2222301316033,23.0860736103797,-2.86384347877651
158.799999999999,-21.3422123260056,19.8863123701605,1.4558999558451
158.899999999999,-23.9415767977354,18.762236850035,5.17933994770035
158.999999999999,-26.52026331168,18.9093414622429,7.61092184943704
159.099999999999,-26.9881952218739,17.908532056521,9.07966316535294
159.199999999999,-26.0998786269214,15.5380615405023,10.561817086419
159.299999999999,-25.0366237055753,11.7517045523191,13.2849191532562
159.399999999999,-26.0165578348552,8.58934668242508,17.4272111524301
159.499999999999,-27.149310899519,6.89555528745567,20.2537556120633
159.599999999999,-27.0083772961714,5.50128277902519,21.5070945171462
159.699999999999,-25.3291334002066,3.44597746118476,21.8831559390218
159.799999999999,-22.1355653048014,-0.17871938043722,22.3142846852385
159.899999999999,-19.5500330168337,-4.46527381691662,24.0153068337504
159.999999999999,-19.7340934725313,-6.92976983775126,26.6638633102826
160.099999999999,-19.6510632675667,-8.63472012942986,28.2857833969966
160.199999999999,-18.5766272463787,-9.95404885806034,28.530676104439
160.299999999999,-16.1234554852326,-11.9901711116252,28.1136265968579
160.399999999999,-12.1716590472659,-15.5881450272888,27.7598040745547
160.499999999999,-8.96171255886627,-18.8738118393023,27.8355243981686
160.599999999999,-7.02235293094699,-20.8217175163969,27.8440704473439
160.699999999999,-4.66860448911899,-21.6340686617652,26.3026731508842
160.799999999999,-1.04570392601721,-22.3122182143381,23.3579221403553
160.899999999999,4.78038628331498,-24.2559948550768,19.4756085717618
160.999999999999,7.8122492824781,-26.5223875815392,18.7101382990611
161.099999999999,9.27937130340925,-28.2048293821251,18.9254580787158
161.199999999999,10.1200769858627,-28.3168419072527,18.1967649213899
161.299999999999,11.1315483363478,-27.0969081259267,15.9653597895789
161.399999999999,13.3371004457907,-25.4752888957216,12.1381884499309
161.499999999999,16.1480120110725,-25.2120020352076,9.0639900241351
161.599999999999,18.5264813203267,-26.0035792907961,7.47709797046935
161.699999999999,19.6954762651314,-25.555608308397,5.86013204326556
161.799999999999,20.1457903873482,-23.8053598302141,3.65956944286595
161.899999999998,20.9605507079889,-20.6970592959754,-0.263491412013451
161.999999999998,23.1415857068343,-18.7345656067931,-4.40702010004109
162.099999999998,26.0174843077162,-18.9335791891241,-7.0839051185921
162.199999999998,27.0637500335228,-18.2993625239783,-8.76438750954452
162.299999999998,26.4561979000708,-16.3451903772142,-10.1110075228565
162.399999999998,25.205976868405,-12.7702331528836,-12.4357437155214
162.499999999998,25.6837604292567,-9.23093467206096,-16.4528257571957
162.599999999998,26.9741117169816,-7.25506670159272,-19.7190450153889
162.699999999998,27.1928420375886,-5.88166142577175,-21.3111806118168
162.799999999998,25.8382647779052,-4.00513987364722,-21.833124904258
162.899999999998,22.9853122789735,-0.893927989981382,-22.0913842889922
162.999999999998,20.0431940509282,3.51657899275938,-23.5597730436876
163.099999999998,19.6928087741191,6.38367276079868,-26.0764815349178
163.199999999998,19.7244413398887,8.23979300988154,-27.9642343497703
163.299999999998,18.9707426263744,9.60160747789962,-28.572350104274
163.399999999998,16.9915407675385,11.2491465964354,-28.2406873639739
163.499999999998,13.1850806533382,14.6194484754832,-27.8045291288215
163.599999999998,9.55415201387385,18.1989523987915,-27.7531044126653
163.699999999998,7.48640200554992,20.4777247244147,-27.9641267299646
163.799999999998,5.38321170686582,21.4815230788459,-26.8647347857117
163.899999999998,2.2261932623399,22.0668011913322,-24.2929944536721
163.999999999998,-3.35605403882781,23.6587408265185,-20.3026867876907
164.099999999998,-7.27574125890104,25.9059627151128,-18.6302214562118
164.199999999998,-8.98478021377221,27.9033712467174,-18.9185910329452
164.299999999998,-9.92142201325443,28.3770086130413,-18.4555865997868
164.399999999998,-10.7530161641767,27.4891933594984,-16.7361771953217
164.499999999998,-12.5911227212181,25.7902448879979,-13.1991221667798
164.599999999998,-15.45556171136,25.1142177912373,-9.65865607987728
164.699999999998,-18.0128376386439,25.8385200974728,-7.82568245882888
164.799999999998,-19.5602249954561,25.9266499289407,-6.36642493348451
164.899999999998,-20.0188135676178,24.3399157475374,-4.32110217991961
164.999999999998,-20.6113833176646,21.5016696956602,-0.890286377995645
165.099999999998,-22.322401090667,18.7783454695058,3.54405562116115
165.199999999998,-25.4197244180084,18.8980165228392,6.52170789516923
165.299999999998,-27.0200308335073,18.6015259480725,8.41850488543473
165.399999999998,-26.6665303183042,16.9084638516579,9.75806646664627
165.499999999998,-25.4483462302706,13.7793618819529,11.6689843483178
165.599999999998,-25.3081197091067,9.9184649220487,15.389654787058
165.699999999998,-26.6912397699904,7.62278399782329,19.0684557721671
165.799999999998,-27.3376983969568,6.24517868863306,21.0925197083237
165.899999999998,-26.3140302915193,4.55046933396582,21.7635609575534
165.999999999998,-23.8112145205762,1.85261699339826,21.9585975271779
166.099999999998,-20.640797694565,-2.49158486064721,23.1323825552122
166.199999999998,-19.6203032157765,-5.81582706977488,25.4361302855514
166.299999999998,-19.7725843972898,-7.86333926337728,27.6359236606671
166.399999999998,-19.2462564244723,-9.28293550246006,28.5291919269323
166.499999999998,-17.5728138826248,-10.7958050115331,28.3686188941579
166.599999999998,-14.2366213476235,-13.6639337344856,27.900555082109
166.699999999998,-10.3691380388424,-17.3831670044215,27.7523050432638
166.799999999998,-7.92403184830231,-20.0317988026919,27.9558306509943
166.899999999998,-6.0827827987702,-21.3643831349476,27.4471659337178
166.999999999998,-3.24251623286325,-21.9144415687164,25.1569578015796
167.099999999998,1.85406816224041,-23.1316306067423,21.2775624445018
167.199999999998,6.67000020535341,-25.3294628496676,18.6594626443142
167.299999999998,8.64890248275744,-27.5266342875224,18.8777318047649
167.399999999998,9.74497303492178,-28.4901325549962,18.7451595200744
167.499999999998,10.5419119928174,-27.8250791663759,17.2831671735585
167.599999999998,12.0247123324742,-26.2482858579975,14.2235735255233
167.699999999998,14.7950613529841,-25.1205310450967,10.3254696921126
167.799999999998,17.4338349657745,-25.6265250455349,8.19269007976039
167.899999999998,19.2802617058219,-26.0543316489839,6.77406994316201
167.999999999998,19.9232798797488,-24.7615005675855,4.83822068783663
168.099999999998,20.4113835214281,-22.3420409787557,1.93065745732765
168.199999999998,21.834207642264,-19.2947967653502,-2.53941087691377
168.299999999998,24.7425605755709,-18.8524234950683,-5.89013708050253
168.399999999998,26.7921738306238,-18.7747740932489,-8.01739973737491
168.499999999998,26.9213837034743,-17.5098921811408,-9.41149152233351
168.599999999998,25.7714881569653,-14.728421525245,-11.0430666317203
168.699999999998,25.1425534749981,-10.8038190052001,-14.338734469798
168.799999999998,26.3904602633747,-8.08430696114139,-18.3061533022334
168.899999999998,27.2866217056158,-6.58386526609122,-20.7027564395246
168.999999999998,26.8124190827053,-5.10961982576388,-21.7027992569415
169.099999999998,24.6095679743689,-2.69551500952411,-21.9140529648448
169.199999999998,21.3839661859638,1.32019253340349,-22.7041587193672
169.299999999998,19.5724922103665,5.17090521939226,-24.7433974297587
169.399999999998,19.7764226892934,7.40493865029286,-27.1813613395863
169.499999999998,19.4567150646548,8.95039985983648,-28.4071149244913
169.599999999998,18.1680499491924,10.3100836888167,-28.4781336380091
169.699999999998,15.2462468317929,12.7371696536785,-27.9834164854714
169.799999999998,11.2090169997096,16.5159638800897,-27.7249808797992
169.899999999998,8.38074458692078,19.5239493175942,-27.904693904515
169.999999999998,6.55467838184643,21.077519237527,-27.6321976193735
170.099999999998,3.97214242220643,21.755953201979,-25.7280956241854
170.199999999998,-0.280234465393952,22.6088019750982,-22.3285675097042
170.299999999998,-5.83742897544891,24.747392455285,-18.9099634798361
170.399999999998,-8.24483059537963,27.0258581662678,-18.7810275708882
170.499999999998,-9.51485953498285,28.3795876178855,-18.8647280829027
170.599999999998,-10.3141386839826,28.0999261848189,-17.7857875008363
170.699999999998,-11.4855685591284,26.6598434031879,-15.1742748440596
170.799999999998,-14.0519401192326,25.2430178786743,-11.1910777594418
170.899999999998,-16.7909420668956,25.384227886277,-8.59328581938133
170.999999999997,-18.8874143070632,26.0057002422743,-7.1182859352112
171.099999999997,-19.7940354780027,25.1374442892008,-5.34340881119811
171.199999999997,-20.226461899812,23.0863514024713,-2.85988950265928
171.299999999997,-21.3481491827777,19.8860257010735,1.46212348170423
171.399999999997,-23.9486106748859,18.7646869695989,5.18392370528702
171.499999999997,-26.5269382406987,18.9118352683315,7.61510297236716
171.599999999997,-26.9950764752487,17.9107649872222,9.08431148802656
171.699999999997,-26.1074567906565,15.5399799036654,10.5674768869911
171.799999999997,-25.0452135788085,11.7528247191233,13.2923888596852
171.899999999997,-26.0263628188811,8.59100148937503,17.4353613295061
171.999999999997,-27.159032236798,6.89719636721853,20.2618358695795
172.099999999997,-27.0177635371341,5.50244397192691,21.5153195652072
172.199999999997,-25.3389801871551,3.44684530844651,21.8921348787085
172.299999999997,-22.1436959488917,-0.180484662029864,22.3241806109216
172.399999999997,-19.5584231113263,-4.46799412069436,24.0264172320207
172.499999999997,-19.7422036294235,-6.93274253253895,26.6749461619624
172.599999999997,-19.6590915883582,-8.63825683473688,28.2973484230951
172.699999999997,-18.5842040133217,-9.95775878946589,28.5419628027876
172.799999999997,-16.130268812264,-11.9948552334232,28.1251240456871
172.899999999997,-12.1772844230815,-15.593695062386,27.7709794854675
172.999999999997,-8.96615531348785,-18.8800875876958,27.8462429011837
173.099999999997,-7.0256283208615,-20.8278648988857,27.8534932197473
173.199999999997,-4.67265816315796,-21.6402680567924,26.3129262199504
173.299999999997,-1.04708097245924,-22.3200898108435,23.3671707833027
173.399999999997,4.78508465860884,-24.263693403386,19.4786087447772
173.499999999997,7.8114329219913,-26.5279887799169,18.7165558579256
173.599999999997,9.27932337794196,-28.2104566571672,18.9311332792252
173.699999999997,10.120043324797,-28.3220601625503,18.2020168377533
173.799999999997,11.1308871917987,-27.1017316510775,15.9708444592788
173.899999999997,13.3357296369875,-25.479118025433,12.1433883884454
173.999999999997,16.1470910468348,-25.2143133757126,9.06722232887786
174.099999999997,18.5257668092086,-26.0055039424588,7.47973713325021
174.199999999997,19.6941644941729,-25.5566976535509,5.86253315937801
174.299999999997,20.1438910676672,-23.8067802904163,3.6628892227492
174.399999999997,20.9570890853311,-20.697607048731,-0.259482036600137
174.499999999997,23.1372155779021,-18.7334457427628,-4.40376983513926
174.599999999997,26.0134203698322,-18.9322855150139,-7.08113485481831
174.699999999997,27.0596341795008,-18.2981700143632,-8.76146416513765
174.799999999997,26.4517396471592,-16.3440946267912,-10.1076450203679
174.899999999997,25.2008368754193,-12.7696688233194,-12.4311680520999
174.999999999997,25.6776693357875,-9.23015564883088,-16.4475136869566
175.099999999997,26.9679643786415,-7.25414064647086,-19.7138237321706
175.199999999997,27.186858470592,-5.8809265140584,-21.3059319565337
175.299999999997,25.8322069782182,-4.00479255023404,-21.8274144279841
175.399999999997,22.979524985708,-0.894509665410582,-22.0850153202975
175.499999999997,20.0324777519779,3.52300439367447,-23.5554821456524
175.599999999997,19.6851464461332,6.38735243639486,-26.0724988825281
175.699999999997,19.7177187716188,8.24296438900082,-27.9606831606196
175.799999999997,18.965091402261,9.60520917352446,-28.5703005757854
175.899999999997,16.9846758668053,11.2550774055732,-28.2397532723785
175.999999999997,13.1804012718792,14.6256862285397,-27.8060875004189
176.099999999997,9.54976525598237,18.2052572199773,-27.7550224759597
176.199999999997,7.48481218994729,20.4828488114347,-27.967661001382
176.299999999997,5.38109979373359,21.4884407401343,-26.8695405338678
176.399999999997,2.22194770728749,22.0737983992994,-24.2957461065869
176.499999999997,-3.35856543046038,23.6660586130831,-20.3074931826227
176.599999999997,-7.27926919594977,25.9145180346127,-18.635248838663
176.699999999997,-8.98839675795828,27.9122406683236,-18.9238439103654
176.799999999997,-9.92554038985656,28.3860645473367,-18.4605241574801
176.899999999997,-10.7579457789211,27.4986320121412,-16.7406862332202
176.999999999997,-12.5978906904514,25.8002855406515,-13.2023948502001
177.099999999997,-15.4632565857983,25.1247638885526,-9.66150730275438
177.199999999997,-18.0208355868055,25.8491169679052,-7.82828138109971
177.299999999997,-19.5673630594844,25.934986865868,-6.3676238063837
177.399999999997,-20.0269945797818,24.3491402582894,-4.3221456785076
177.499999999997,-20.6208043235725,21.5113827152844,-0.89057839171189
177.599999999997,-22.3322071407314,18.7874810618726,3.54472607885872
177.699999999997,-25.4298286866468,18.9067762885466,6.52305239810008
177.799999999997,-27.0301638394869,18.6098228681781,8.42034097130877
177.899999999997,-26.6761719946969,16.9162054633297,9.75996653136714
177.999999999997,-25.4574172860948,13.7865074449216,11.6709098411732
178.099999999997,-25.3164585492538,9.92429819682528,15.3921603524285
178.199999999997,-26.6988065547318,7.6270373787157,19.0717691760161
178.299999999997,-27.344410338245,6.24859090443298,21.095819433812
178.399999999997,-26.3195848810185,4.55320107003199,21.7663838109865
178.499999999997,-23.8176204577438,1.85694838926425,21.9606720684796
178.599999999997,-20.6464016509071,-2.48777407235651,23.1341757232635
178.699999999997,-19.6248540285278,-5.81329793920868,25.4381519677364
178.799999999997,-19.7760661068951,-7.86081491530942,27.6368810222045
178.899999999997,-19.250598573651,-9.28037189601697,28.530970469668
178.999999999997,-17.5761970249965,-10.7921714918771,28.3683685168736
179.099999999997,-14.2396462131184,-13.6597223267274,27.8993685398457
179.199999999997,-10.3710453931169,-17.3791607958262,27.7502061889432
179.299999999997,-7.92560113365471,-20.0269654640458,27.9525665977005
179.399999999997,-6.08499035234104,-21.361454195365,27.4464445477062
179.499999999997,-3.25532576532531,-21.9092728853513,25.1645986506766
179.599999999997,1.85779202863188,-23.1302680710553,21.2724760424234
179.699999999997,6.66965503331557,-25.3244847055813,18.6548296722657
179.799999999997,8.64792401465976,-27.5213385871145,18.8734145724547
179.899999999997,9.74361288657789,-28.4847321048063,18.7411192182284
179.999999999997,10.540309371439,-27.8197599970819,17.2794506256428
180.099999999996,12.0225649241571,-26.2428539323615,14.2202890082044
180.199999999996,14.792341299288,-25.1157310355759,10.3233897362878
180.299999999996,17.4310568111501,-25.6216190099366,8.19056219878641
180.399999999996,19.2763800179413,-26.0484416043415,6.77206158640018
180.499999999996,19.9211465228481,-24.7590383091864,4.83789178633826
180.599999999996,20.4089301338994,-22.3375641954194,1.92863406151999
180.699999999996,21.8314985713067,-19.290816629071,-2.54068194223575
180.799999999996,24.7398854529709,-18.8492786310688,-5.89060682190221
180.899999999996,26.7892683447566,-18.7717018643702,-8.0175664803864
180.999999999996,26.9189175497691,-17.5072068515681,-9.41171069820101
181.099999999996,25.7693498988633,-14.7256305127539,-11.0437193861094
181.199999999996,25.1411248443469,-10.8016437325773,-14.3394811117696
181.299999999996,26.3893191210135,-8.08289899317055,-18.3064201278429
181.399999999996,27.2856097352873,-6.5826828948367,-20.7029268404506
181.499999999996,26.8121725581792,-5.10879712251312,-21.7033754356661
181.599999999996,24.6088445638655,-2.69393024758648,-21.914914316279
181.699999999996,21.3798619795001,1.32630738658473,-22.7061693660849
181.799999999996,19.5715164969163,5.17510700500577,-24.746623501922
181.899999999996,19.7763221748838,7.40864475456093,-27.1849669294448
181.999999999996,19.4568622240207,8.95443948765289,-28.4113017116735
182.099999999996,18.1683124972114,10.3147454887384,-28.4830579859498
182.199999999996,15.2455324866352,12.743788885167,-27.9893213718022
182.299999999996,11.209178307112,16.5225960113842,-27.7317743184962
182.399999999996,8.38138946671558,19.53044873674,-27.9118382034556
182.499999999996,6.55499173102731,21.0844913558417,-27.639483086869
182.599999999996,3.97053149385181,21.7635947036398,-25.7341261974916
182.699999999996,-0.281803772858761,22.6174047993346,-22.3356010264759
182.799999999996,-5.84001039842115,24.7572262015102,-18.9172158030891
182.899999999996,-8.24793017967355,27.0353543203093,-18.7874241406357
182.999999999996,-9.51794905608043,28.3883584398089,-18.8704093837285
183.099999999996,-10.3175189753815,28.1094302935094,-17.7919113181278
183.199999999996,-11.489854549069,26.6689290076368,-15.1790744585678
183.299999999996,-14.0568341557329,25.2523130225854,-11.1954788668524
183.399999999996,-16.7962486412731,25.3930293449587,-8.59678070368553
183.499999999996,-18.8927914497858,26.0139911085693,-7.12119965878353
183.599999999996,-19.8001157401354,25.1468741716216,-5.34675843148615
183.699999999996,-20.2319122115198,23.0942981255542,-2.86238591403443
183.799999999996,-21.3544165882103,19.8947018058955,1.45971478231485
183.899999999996,-23.9533748168079,18.7700234643421,5.18335135246584
183.999999999996,-26.5321666539967,18.9170252995921,7.6151413544046
184.099999999996,-26.9996889337735,17.9153844247145,9.08430450905895
184.199999999996,-26.1118768846963,15.5446386982622,10.5672381864342
184.299999999996,-25.0488146331008,11.7570007157459,13.291813917355
184.399999999996,-26.0289846150757,8.59373909863843,17.4352455164372
184.499999999996,-27.1614085082186,6.89928147315646,20.2621270350621
184.599999999996,-27.0202790944032,5.50465219921754,21.5156268951856
184.699999999996,-25.340075291431,3.44868801617597,21.891387275255
184.799999999996,-22.1457237877488,-0.177186799692503,22.3229105874414
184.899999999996,-19.5586408943231,-4.4655322443904,24.0241731387134
184.999999999996,-19.7421078968758,-6.93066239903044,26.6727702959062
185.099999999996,-19.6586932048455,-8.63583876656811,28.2945319714136
185.199999999996,-18.5839550971918,-9.95502493929202,28.5389800364838
185.299999999996,-16.1304387227327,-11.9911463261665,28.1215850488993
185.399999999996,-12.1773587075094,-15.5896030506768,27.7669617581862
185.499999999996,-8.965780338213,-18.8760145091754,27.8417948473884
185.599999999996,-7.02544230791501,-20.8238710531796,27.8493133610947
185.699999999996,-4.67288758485672,-21.6357310641772,26.3086186490338
185.799999999996,-1.04838220060376,-22.3146819638447,23.3630641644484
185.899999999996,4.78274918652509,-24.257533077364,19.474783890839
185.999999999996,7.80957356957942,-26.5221215872014,18.712548017622
186.099999999996,9.27722370341649,-28.204400682722,18.9271769793055
186.199999999996,10.1178889275586,-28.3164889895685,18.19860006201
186.299999999996,11.1286321357288,-27.0959149769294,15.9672828412005
186.399999999996,13.332866162892,-25.4733336486605,12.1404674857684
186.499999999996,16.1438362469398,-25.208839869728,9.06500362278821
186.599999999996,18.5223617852984,-26.0001897177009,7.47782793240244
186.699999999996,19.690712599008,-25.5514902084399,5.86077760943193
186.799999999996,20.1404940778942,-23.8017547219588,3.66126064406462
186.899999999996,20.9537686661286,-20.6929744120122,-0.260794254116395
186.999999999996,23.134184465011,-18.7298789090978,-4.40430555591329
187.099999999996,26.0102364338186,-18.9289764118411,-7.08126002197743
187.199999999996,27.0565273897603,-18.2950583649659,-8.76146902479434
187.299999999996,26.4489000039325,-16.3411827245683,-10.1077172793642
187.399999999996,25.1984107549656,-12.7668828174904,-12.4315279374752
187.499999999996,25.6759372569908,-9.22819361163396,-16.4477436453568
187.599999999996,26.9664096888392,-7.25271870226994,-19.7136909865693
187.699999999996,27.1854400338464,-5.87962096695138,-21.305819066895
187.799999999996,25.8313896805783,-4.00358165970827,-21.8278080208701
187.899999999996,22.9784177215488,-0.892848094818103,-22.0855696267306
187.999999999996,20.0307294311288,3.52637024534321,-23.5570996764721
188.099999999996,19.6848889266701,6.38958222689594,-26.0744711535659
188.199999999996,19.7177170881758,8.24526483499712,-27.9629819231729
188.299999999996,18.965036285236,9.60787390294389,-28.5729101881799
188.399999999996,16.9843346312206,11.2586134988878,-28.2429481301083
188.499999999996,13.1802109029417,14.629861041928,-27.8100719448698
188.599999999996,9.54976543598032,18.2094622372665,-27.7592276732468
188.699999999996,7.48512737359242,20.4869455643802,-27.9720729379726
188.799999999996,5.38099853952174,21.4929493629002,-26.873947902422
188.899999999996,2.22114823639812,22.0787778812947,-24.2999261176929
188.999999999996,-3.36238093490111,23.6739840560073,-20.3116031211062
189.099999999996,-7.28124248184798,25.9209125232322,-18.6396700413842
189.199999999995,-8.99039125569098,27.9184368530118,-18.9280455973208
189.299999999995,-9.92767784855572,28.3921814957225,-18.4645036471668
189.399999999995,-10.7602837484343,27.5046480033237,-16.7443642548893
189.499999999995,-12.6005603873055,25.8063073278502,-13.2057469405447
189.599999999995,-15.4663107085179,25.1304124406238,-9.66410173210597
189.699999999995,-18.024024391796,25.8544183897657,-7.83039399796966
189.799999999995,-19.5704920186421,25.9398717399538,-6.36937972131176
189.899999999995,-20.0299796156486,24.3532993044666,-4.32331968881802
189.999999999995,-20.6240295579609,21.5158237615929,-0.891794203631935
190.099999999995,-22.3351349670009,18.7912897135726,3.54384525342828
190.199999999995,-25.433117863165,18.9104583014398,6.52265956172529
190.299999999995,-27.0339442189558,18.6136159902043,8.42032822875151
190.399999999995,-26.6791385753871,16.9195261537815,9.75961242160571
190.499999999995,-25.4600036271165,13.7894134517613,11.6705901753552
190.599999999995,-25.31809836948,9.92672666856776,15.3913717009123
190.699999999995,-26.7001376548537,7.62867496317705,19.0714626916766
190.799999999995,-27.3454583475258,6.24993659096341,21.0955217565623
190.899999999995,-26.3201529466175,4.55446702903177,21.7656859175857
190.999999999995,-23.8184892288731,1.85902448413998,21.9594647447331
191.099999999995,-20.6466331796013,-2.48592568693472,23.132558866536
191.199999999995,-19.6250075019476,-5.81174695601274,25.4367544579604
191.299999999995,-19.7758367265956,-7.85917652716276,27.6350132537583
191.399999999995,-19.25087096481,-9.27870390060954,28.5295748654196
191.499999999995,-17.5760980977767,-10.789961933047,28.3660600308237
191.599999999995,-14.2395982584298,-13.6571292521805,27.8967275106103
191.699999999995,-10.3708990003356,-17.3764236630384,27.747322663374
191.799999999995,-7.9254622505103,-20.0239481101491,27.9494103606594
191.899999999995,-6.08514991507183,-21.3589623712037,27.4441122862755
191.999999999995,-3.2592860060385,-21.906173811551,25.1654598175895
192.099999999995,1.85783000750777,-23.1262656090867,21.2684356015789
192.199999999995,6.66914590789782,-25.321098059598,18.6519521517002
192.299999999995,8.64701276237918,-27.5176209444607,18.8706081820816
192.399999999995,9.74263593117146,-28.4809737190968,18.7383377879254
192.499999999995,10.539110053478,-27.8162748982495,17.2771648447716
192.599999999995,12.021200389005,-26.2393592256241,14.2181588366191
192.699999999995,14.7906987373855,-25.1116845171911,10.3209857798057
192.799999999995,17.4291048929451,-25.6184398542234,8.18933496127827
192.899999999995,19.2755385422613,-26.0466629064974,6.77112436423615
192.999999999995,19.9184301260547,-24.753981881275,4.83555175522025
193.099999999995,20.4067715010056,-22.3347084363286,1.92793693532293
193.199999999995,21.8297607311074,-19.2885598523649,-2.54120087874252
193.299999999995,24.7378803065241,-18.8469488756141,-5.89093143091007
193.399999999995,26.7872850216949,-18.7695612556269,-8.01772376606799
193.499999999995,26.9171174258945,-17.5052763977919,-9.41184102810263
193.599999999995,25.7678229903879,-14.7235950134577,-11.0442279769302
193.699999999995,25.1401181984035,-10.8000964379352,-14.3400217604683
193.799999999995,26.388518415164,-8.08190821051425,-18.3066102046498
193.899999999995,27.2848943173743,-6.58183556109008,-20.7030587562842
193.999999999995,26.8121502126294,-5.10831334044443,-21.7038368721849
194.099999999995,24.6083470787026,-2.69278929613866,-21.9155577825639
194.199999999995,21.3800817987786,1.32707389404281,-22.7071556928214
194.299999999995,19.5710501428801,5.17582672256126,-24.7468768654414
194.399999999995,19.7761842688974,7.40933810431317,-27.1855223732106
194.499999999995,19.4568531559469,8.95521973315238,-28.4120728890992
194.599999999995,18.168672294809,10.3153452072055,-28.4840175020145
194.699999999995,15.2448472337406,12.745433608243,-27.9902808419837
194.799999999995,11.2092683987002,16.5236906730207,-27.7329590717209
194.899999999995,8.38169775079975,19.5312848112483,-27.9129825620481
194.999999999995,6.55501715262987,21.085836396073,-27.6408535487029
195.099999999995,3.96890003462719,21.765042364693,-25.7339423993202
195.199999999995,-0.281057135532608,22.6188399011635,-22.3377827656309
195.299999999995,-5.84554697991262,24.7582734250862,-18.9127264451735
195.399999999995,-8.24818229372683,27.0371130807975,-18.7889307870706
195.499999999995,-9.5183395295785,28.3901644259114,-18.8718248963329
195.599999999995,-10.3179278981969,28.1110863006422,-17.7931584024453
195.699999999995,-11.490174537913,26.6706177852108,-15.1804432472978
195.799999999995,-14.0572472428426,25.2537917560429,-11.1965445132003
195.899999999995,-16.7967579654055,25.3942810572784,-8.59752309187287
195.999999999995,-18.8934471875293,26.0153314605615,-7.12188427303223
196.099999999995,-19.8003527238805,25.1474091791001,-5.34705645521962
196.199999999995,-20.2323328622099,23.0953268910196,-2.86299402880979
196.299999999995,-21.3537537448574,19.8941223532891,1.45963139156829
196.399999999995,-23.9538794003976,18.7709880051099,5.18289139528762
196.499999999995,-26.5324656227969,18.917743737228,7.61472188556893
196.599999999995,-27.0002781012888,17.9163520970566,9.08392600423222
196.699999999995,-26.1119280027261,15.5452152079884,10.5667127947377
196.799999999995,-25.0488794706329,11.7577893195031,13.2910901511298
196.899999999995,-26.0286515289199,8.59417222623096,17.4344793026889
196.999999999995,-27.1610304582842,6.8995703705076,20.2614600877766
197.099999999995,-27.0199585416662,5.50499558706623,21.5149629546
197.199999999995,-25.3393521373732,3.44891847192955,21.8904336654437
197.299999999995,-22.1457381559108,-0.176053089986748,22.3217912458976
197.399999999995,-19.5587576982567,-4.46427932506947,24.0230370233261
197.499999999995,-19.7418008395137,-6.92960378804139,26.6714046275551
197.599999999995,-19.6587723042917,-8.63503751371086,28.2938098180025
197.699999999995,-18.5837606803268,-9.9536826961278,28.5374433764546
197.799999999995,-16.1299578819028,-11.9897409086263,28.1196987905291
197.899999999995,-12.1770198521397,-15.5875468957431,27.7645667478828
197.999999999995,-8.96562196926345,-18.8741230837528,27.8397450530162
198.099999999995,-7.02490024178632,-20.8213055212717,27.846205763058
198.199999999994,-4.67356051846567,-21.633404525197,26.3069650436626
198.299999999994,-1.0473931547179,-22.3129298466703,23.3603230013882
198.399999999994,4.78028592439699,-24.2547509995024,19.4744650751054
198.499999999994,7.80936201057036,-26.5200623300429,18.7107003194726
198.599999999994,9.27678001378806,-28.2022317546902,18.9254517409022
198.699999999994,10.117364779809,-28.3144325822728,18.1970678024638
198.799999999994,11.1280426203623,-27.0938186757379,15.9657760553756
198.899999999994,13.3321476144875,-25.4712582808899,12.1391106664025
198.999999999994,16.1429543835049,-25.2070376199958,9.06408323649089
199.099999999994,18.5213810419571,-25.9984049431286,7.47702390117145
199.199999999994,19.6897612226929,-25.5497542774816,5.85999305478868
199.299999999994,20.1396768678855,-23.8001499128058,3.66047304492027
199.399999999994,20.9531203382852,-20.69157460906,-0.261545729225175
199.499999999994,23.1338612498289,-18.7290844872554,-4.40477676257344
199.599999999994,26.0097728990654,-18.9282254494268,-7.08154744963857
199.699999999994,27.0560861999932,-18.2943475365405,-8.76173866345274
199.799999999994,26.448580644051,-16.340559632287,-10.1080210117639
199.899999999994,25.1982174960371,-12.7662096236334,-12.4320078724037
199.999999999994,25.6875895246447,-9.19227652466951,-16.4953129999752
200,25.6875895247278,-9.19227652450302,-16.4953130002248
